{
    "sotsuron_models/sotsuron2_pianoroll_distance_model/generated/00005542_TRHIRGP128F4280974_repeat": {
        "sotsuron_models/sotsuron2_pianoroll_distance_model/generated/00005542_TRHIRGP128F4280974_repeat/npy/105.npy": {
            "EB": [
                [
                    0.0,
                    1.0,
                    0.0,
                    1.0,
                    0.0
                ],
                [
                    0.0,
                    1.0,
                    0.0,
                    1.0,
                    0.0
                ],
                [
                    0.0,
                    1.0,
                    0.0,
                    1.0,
                    0.0
                ],
                [
                    0.0,
                    1.0,
                    0.0,
                    1.0,
                    0.0
                ]
            ],
            "UPC": [
                [
                    3.0,
                    0.0,
                    1.75,
                    0.0,
                    2.75
                ],
                [
                    3.0,
                    0.0,
                    1.75,
                    0.0,
                    2.5
                ],
                [
                    3.0,
                    0.0,
                    2.0,
                    0.0,
                    2.5
                ],
                [
                    3.0,
                    0.0,
                    1.75,
                    0.0,
                    2.5
                ]
            ],
            "DP": [
                12.0,
                12.0,
                12.0,
                12.0
            ],
            "TD": [
                [
                    [
                        0.0,
                        0.0,
                        0.0,
                        0.0
                    ],
                    [
                        0.0,
                        0.0,
                        0.0,
                        0.0
                    ],
                    [
                        0.0,
                        0.0,
                        0.0,
                        0.0
                    ],
                    [
                        0.0,
                        0.0,
                        0.0,
                        0.0
                    ]
                ],
                [
                    [
                        0.0,
                        9.101798676943153,
                        3.7190547657990956,
                        3.7190547657990956
                    ],
                    [
                        9.101798676943153,
                        0.0,
                        9.148380154277246,
                        9.148380154277246
                    ],
                    [
                        3.7190547657990956,
                        9.148380154277246,
                        0.0,
                        0.0
                    ],
                    [
                        3.7190547657990956,
                        9.148380154277246,
                        0.0,
                        0.0
                    ]
                ],
                [
                    [
                        0.0,
                        0.0,
                        0.0,
                        0.0
                    ],
                    [
                        0.0,
                        0.0,
                        0.0,
                        0.0
                    ],
                    [
                        0.0,
                        0.0,
                        0.0,
                        0.0
                    ],
                    [
                        0.0,
                        0.0,
                        0.0,
                        0.0
                    ]
                ],
                [
                    [
                        0.0,
                        8.9547700771592,
                        11.0327882191522,
                        10.157165862301829
                    ],
                    [
                        8.9547700771592,
                        0.0,
                        8.563940588033674,
                        3.830980666132517
                    ],
                    [
                        11.0327882191522,
                        8.563940588033674,
                        0.0,
                        7.728507419225712
                    ],
                    [
                        10.157165862301829,
                        3.830980666132517,
                        7.728507419225712,
                        0.0
                    ]
                ]
            ],
            "COS_SIM": [
                0.9499335289001465,
                0.9538607597351074,
                0.952243447303772,
                0.9467447996139526
            ]
        }
    },
    "sotsuron_models/sotsuron2_pianoroll_distance_model/generated/00005542_TRHIRGP128F4280974_noise": {
        "sotsuron_models/sotsuron2_pianoroll_distance_model/generated/00005542_TRHIRGP128F4280974_noise/npy/105.npy": {
            "EB": [
                [
                    0.0,
                    0.0,
                    0.0,
                    0.0,
                    0.0
                ],
                [
                    0.0,
                    0.0,
                    0.0,
                    0.0,
                    0.0
                ],
                [
                    0.0,
                    0.0,
                    0.0,
                    0.0,
                    0.0
                ],
                [
                    0.0,
                    0.0,
                    0.0,
                    0.0,
                    0.0
                ]
            ],
            "UPC": [
                [
                    11.0,
                    7.25,
                    6.75,
                    3.25,
                    9.0
                ],
                [
                    11.0,
                    7.25,
                    6.5,
                    3.0,
                    9.0
                ],
                [
                    11.25,
                    7.25,
                    6.5,
                    3.0,
                    9.0
                ],
                [
                    10.5,
                    7.25,
                    6.5,
                    3.25,
                    9.25
                ]
            ],
            "DP": [
                23.275,
                22.775,
                22.575,
                23.275
            ],
            "TD": [
                [
                    [
                        0.0,
                        3.573635617598165,
                        6.327084822499682,
                        6.021985540694157
                    ],
                    [
                        3.573635617598165,
                        0.0,
                        4.445851591791754,
                        4.439397345663734
                    ],
                    [
                        6.327084822499682,
                        4.445851591791754,
                        0.0,
                        1.4564312491490135
                    ],
                    [
                        6.021985540694157,
                        4.439397345663734,
                        1.4564312491490135,
                        0.0
                    ]
                ],
                [
                    [
                        0.0,
                        6.094916639976842,
                        6.063665496823539,
                        5.8456108473467445
                    ],
                    [
                        6.094916639976842,
                        0.0,
                        2.4447359105419553,
                        2.532036121994414
                    ],
                    [
                        6.063665496823539,
                        2.4447359105419553,
                        0.0,
                        1.0569179721702604
                    ],
                    [
                        5.8456108473467445,
                        2.532036121994414,
                        1.0569179721702604,
                        0.0
                    ]
                ],
                [
                    [
                        0.0,
                        6.964975758850905,
                        6.35515810315975,
                        3.4886712742544654
                    ],
                    [
                        6.964975758850905,
                        0.0,
                        2.4175470901405944,
                        4.365981805860138
                    ],
                    [
                        6.35515810315975,
                        2.4175470901405944,
                        0.0,
                        3.908576670717468
                    ],
                    [
                        3.4886712742544654,
                        4.365981805860138,
                        3.908576670717468,
                        0.0
                    ]
                ],
                [
                    [
                        0.0,
                        3.579261948619526,
                        3.2647601878400168,
                        3.8969551515469085
                    ],
                    [
                        3.579261948619526,
                        0.0,
                        1.5196904303455399,
                        3.030605726003445
                    ],
                    [
                        3.2647601878400168,
                        1.5196904303455399,
                        0.0,
                        3.0026181040929307
                    ],
                    [
                        3.8969551515469085,
                        3.030605726003445,
                        3.0026181040929307,
                        0.0
                    ]
                ]
            ],
            "COS_SIM": [
                0.8868898153305054,
                0.8884357810020447,
                0.8925563097000122,
                0.8933278918266296
            ]
        }
    },
    "sotsuron_models/sotsuron2_pianoroll_distance_model/generated/00006683_TRSUXOX128F429060A": {
        "sotsuron_models/sotsuron2_pianoroll_distance_model/generated/00006683_TRSUXOX128F429060A/npy/32.npy": {
            "EB": [
                [
                    0.0,
                    1.0,
                    0.0,
                    0.0,
                    0.0
                ]
            ],
            "UPC": [
                [
                    3.0,
                    0.0,
                    2.0,
                    1.75,
                    2.0
                ]
            ],
            "DP": [
                13.2
            ],
            "TD": [
                [
                    [
                        0.0,
                        11.65423180106319,
                        10.461759143394456,
                        6.076731107776678
                    ],
                    [
                        11.65423180106319,
                        0.0,
                        12.176700949085681,
                        12.923433073019867
                    ],
                    [
                        10.461759143394456,
                        12.176700949085681,
                        0.0,
                        10.450716661188617
                    ],
                    [
                        6.076731107776678,
                        12.923433073019867,
                        10.450716661188617,
                        0.0
                    ]
                ]
            ],
            "COS_SIM": [
                0.9513525366783142
            ]
        },
        "sotsuron_models/sotsuron2_pianoroll_distance_model/generated/00006683_TRSUXOX128F429060A/npy/68.npy": {
            "EB": [
                [
                    0.0,
                    1.0,
                    0.0,
                    0.0,
                    0.0
                ]
            ],
            "UPC": [
                [
                    3.0,
                    0.0,
                    2.0,
                    1.25,
                    1.0
                ]
            ],
            "DP": [
                13.2
            ],
            "TD": [
                [
                    [
                        0.0,
                        6.008584936828682,
                        8.098762776415597,
                        6.154517768890987
                    ],
                    [
                        6.008584936828682,
                        0.0,
                        8.69963910053386,
                        7.995069254996696
                    ],
                    [
                        8.098762776415597,
                        8.69963910053386,
                        0.0,
                        8.320049039794116
                    ],
                    [
                        6.154517768890987,
                        7.995069254996696,
                        8.320049039794116,
                        0.0
                    ]
                ]
            ],
            "COS_SIM": [
                0.9826107025146484
            ]
        },
        "sotsuron_models/sotsuron2_pianoroll_distance_model/generated/00006683_TRSUXOX128F429060A/npy/69.npy": {
            "EB": [
                [
                    0.0,
                    1.0,
                    0.0,
                    0.0,
                    0.0
                ]
            ],
            "UPC": [
                [
                    3.0,
                    0.0,
                    2.0,
                    1.0,
                    1.0
                ]
            ],
            "DP": [
                13.175
            ],
            "TD": [
                [
                    [
                        0.0,
                        6.046001572493243,
                        6.025683575651426,
                        6.114671132118452
                    ],
                    [
                        6.046001572493243,
                        0.0,
                        7.561694710281231,
                        8.003693970896824
                    ],
                    [
                        6.025683575651426,
                        7.561694710281231,
                        0.0,
                        6.305756745376187
                    ],
                    [
                        6.114671132118452,
                        8.003693970896824,
                        6.305756745376187,
                        0.0
                    ]
                ]
            ],
            "COS_SIM": [
                0.9836307168006897
            ]
        },
        "sotsuron_models/sotsuron2_pianoroll_distance_model/generated/00006683_TRSUXOX128F429060A/npy/103.npy": {
            "EB": [
                [
                    0.0,
                    1.0,
                    0.0,
                    0.0,
                    0.0
                ]
            ],
            "UPC": [
                [
                    3.0,
                    0.0,
                    2.0,
                    2.0,
                    2.0
                ]
            ],
            "DP": [
                13.2
            ],
            "TD": [
                [
                    [
                        0.0,
                        11.51684905546706,
                        12.037724696128285,
                        6.063659047583542
                    ],
                    [
                        11.51684905546706,
                        0.0,
                        11.549587554027497,
                        12.750677033779294
                    ],
                    [
                        12.037724696128285,
                        11.549587554027497,
                        0.0,
                        11.754645925754064
                    ],
                    [
                        6.063659047583542,
                        12.750677033779294,
                        11.754645925754064,
                        0.0
                    ]
                ]
            ],
            "COS_SIM": [
                0.962758481502533
            ]
        },
        "sotsuron_models/sotsuron2_pianoroll_distance_model/generated/00006683_TRSUXOX128F429060A/npy/59.npy": {
            "EB": [
                [
                    0.0,
                    1.0,
                    0.0,
                    0.0,
                    0.0
                ]
            ],
            "UPC": [
                [
                    3.0,
                    0.0,
                    2.0,
                    2.0,
                    2.0
                ]
            ],
            "DP": [
                13.225000000000001
            ],
            "TD": [
                [
                    [
                        0.0,
                        10.52063254210983,
                        12.755277959218926,
                        5.982841507062134
                    ],
                    [
                        10.52063254210983,
                        0.0,
                        11.393542357360971,
                        11.790467317882738
                    ],
                    [
                        12.755277959218926,
                        11.393542357360971,
                        0.0,
                        12.638776738690515
                    ],
                    [
                        5.982841507062134,
                        11.790467317882738,
                        12.638776738690515,
                        0.0
                    ]
                ]
            ],
            "COS_SIM": [
                0.9703155159950256
            ]
        },
        "sotsuron_models/sotsuron2_pianoroll_distance_model/generated/00006683_TRSUXOX128F429060A/npy/72.npy": {
            "EB": [
                [
                    0.0,
                    1.0,
                    0.0,
                    0.0,
                    0.0
                ]
            ],
            "UPC": [
                [
                    3.0,
                    0.0,
                    2.0,
                    1.0,
                    1.0
                ]
            ],
            "DP": [
                13.2
            ],
            "TD": [
                [
                    [
                        0.0,
                        6.008584936828681,
                        6.29831664810105,
                        6.154517768890987
                    ],
                    [
                        6.008584936828681,
                        0.0,
                        7.5930682152205256,
                        7.998641187241249
                    ],
                    [
                        6.29831664810105,
                        7.5930682152205256,
                        0.0,
                        6.475648572162151
                    ],
                    [
                        6.154517768890987,
                        7.998641187241249,
                        6.475648572162151,
                        0.0
                    ]
                ]
            ],
            "COS_SIM": [
                0.982679009437561
            ]
        },
        "sotsuron_models/sotsuron2_pianoroll_distance_model/generated/00006683_TRSUXOX128F429060A/npy/107.npy": {
            "EB": [
                [
                    0.0,
                    1.0,
                    0.0,
                    0.0,
                    0.0
                ]
            ],
            "UPC": [
                [
                    3.0,
                    0.0,
                    2.0,
                    2.0,
                    2.0
                ]
            ],
            "DP": [
                13.15
            ],
            "TD": [
                [
                    [
                        0.0,
                        11.446787304544104,
                        12.57632309043045,
                        6.0379906260784315
                    ],
                    [
                        11.446787304544104,
                        0.0,
                        12.358395641759268,
                        12.672114812974103
                    ],
                    [
                        12.57632309043045,
                        12.358395641759268,
                        0.0,
                        12.508463183688065
                    ],
                    [
                        6.0379906260784315,
                        12.672114812974103,
                        12.508463183688065,
                        0.0
                    ]
                ]
            ],
            "COS_SIM": [
                0.9485338926315308
            ]
        },
        "sotsuron_models/sotsuron2_pianoroll_distance_model/generated/00006683_TRSUXOX128F429060A/npy/33.npy": {
            "EB": [
                [
                    0.0,
                    1.0,
                    0.0,
                    0.0,
                    0.0
                ]
            ],
            "UPC": [
                [
                    3.0,
                    0.0,
                    2.0,
                    2.0,
                    2.0
                ]
            ],
            "DP": [
                13.175
            ],
            "TD": [
                [
                    [
                        0.0,
                        12.198772781293428,
                        12.466994663442595,
                        6.053830193195328
                    ],
                    [
                        12.198772781293428,
                        0.0,
                        13.347675771913593,
                        13.488538864042345
                    ],
                    [
                        12.466994663442595,
                        13.347675771913593,
                        0.0,
                        12.354848263514615
                    ],
                    [
                        6.053830193195328,
                        13.488538864042345,
                        12.354848263514615,
                        0.0
                    ]
                ]
            ],
            "COS_SIM": [
                0.9559990763664246
            ]
        }
    },
    "sotsuron_models/sotsuron2_pianoroll_distance_model/generated/00005542_TRHIRGP128F4280974": {
        "sotsuron_models/sotsuron2_pianoroll_distance_model/generated/00005542_TRHIRGP128F4280974/npy/83.npy": {
            "EB": [
                [
                    0.0,
                    0.25,
                    0.0,
                    1.0,
                    0.0
                ]
            ],
            "UPC": [
                [
                    3.0,
                    0.75,
                    1.0,
                    0.0,
                    2.0
                ]
            ],
            "DP": [
                11.75
            ],
            "TD": [
                [
                    [
                        0.0,
                        7.315776337911492,
                        7.672929153694465,
                        11.0194479526387
                    ],
                    [
                        7.315776337911492,
                        0.0,
                        5.565149765863628,
                        8.302108981758524
                    ],
                    [
                        7.672929153694465,
                        5.565149765863628,
                        0.0,
                        8.093552057461487
                    ],
                    [
                        11.0194479526387,
                        8.302108981758524,
                        8.093552057461487,
                        0.0
                    ]
                ]
            ],
            "COS_SIM": [
                0.9242072701454163
            ]
        },
        "sotsuron_models/sotsuron2_pianoroll_distance_model/generated/00005542_TRHIRGP128F4280974/npy/128.npy": {
            "EB": [
                [
                    0.0,
                    1.0,
                    1.0,
                    1.0,
                    0.0
                ]
            ],
            "UPC": [
                [
                    3.0,
                    0.0,
                    0.0,
                    0.0,
                    2.5
                ]
            ],
            "DP": [
                12.0
            ],
            "TD": [
                [
                    [
                        0.0,
                        6.937842686996682,
                        6.586095843279931,
                        6.187208434096925
                    ],
                    [
                        6.937842686996682,
                        0.0,
                        7.24115091770726,
                        5.436574181197168
                    ],
                    [
                        6.586095843279931,
                        7.24115091770726,
                        0.0,
                        4.973610019909886
                    ],
                    [
                        6.187208434096925,
                        5.436574181197168,
                        4.973610019909886,
                        0.0
                    ]
                ]
            ],
            "COS_SIM": [
                0.9424080848693848
            ]
        },
        "sotsuron_models/sotsuron2_pianoroll_distance_model/generated/00005542_TRHIRGP128F4280974/npy/140.npy": {
            "EB": [
                [
                    0.0,
                    0.75,
                    0.25,
                    1.0,
                    0.0
                ]
            ],
            "UPC": [
                [
                    3.0,
                    0.25,
                    1.0,
                    0.0,
                    2.75
                ]
            ],
            "DP": [
                10.5
            ],
            "TD": [
                [
                    [
                        0.0,
                        6.968942177037311,
                        7.963092303354631,
                        9.398094639919229
                    ],
                    [
                        6.968942177037311,
                        0.0,
                        7.172588595323658,
                        8.684324961212228
                    ],
                    [
                        7.963092303354631,
                        7.172588595323658,
                        0.0,
                        5.033437192495914
                    ],
                    [
                        9.398094639919229,
                        8.684324961212228,
                        5.033437192495914,
                        0.0
                    ]
                ]
            ],
            "COS_SIM": [
                0.93230140209198
            ]
        },
        "sotsuron_models/sotsuron2_pianoroll_distance_model/generated/00005542_TRHIRGP128F4280974/npy/98.npy": {
            "EB": [
                [
                    0.0,
                    1.0,
                    0.0,
                    1.0,
                    0.0
                ]
            ],
            "UPC": [
                [
                    3.0,
                    0.0,
                    3.0,
                    0.0,
                    2.0
                ]
            ],
            "DP": [
                12.75
            ],
            "TD": [
                [
                    [
                        0.0,
                        9.634092689413063,
                        7.595443803152624,
                        16.468208938886193
                    ],
                    [
                        9.634092689413063,
                        0.0,
                        10.717807324122246,
                        16.451041645661153
                    ],
                    [
                        7.595443803152624,
                        10.717807324122246,
                        0.0,
                        10.251302586528578
                    ],
                    [
                        16.468208938886193,
                        16.451041645661153,
                        10.251302586528578,
                        0.0
                    ]
                ]
            ],
            "COS_SIM": [
                0.9448837637901306
            ]
        },
        "sotsuron_models/sotsuron2_pianoroll_distance_model/generated/00005542_TRHIRGP128F4280974/npy/105.npy": {
            "EB": [
                [
                    0.0,
                    1.0,
                    0.0,
                    1.0,
                    0.0
                ]
            ],
            "UPC": [
                [
                    3.0,
                    0.0,
                    1.75,
                    0.0,
                    2.75
                ]
            ],
            "DP": [
                12.0
            ],
            "TD": [
                [
                    [
                        0.0,
                        7.583952877718753,
                        8.888413617287311,
                        6.623407951212567
                    ],
                    [
                        7.583952877718753,
                        0.0,
                        10.301394984877765,
                        9.252241914345154
                    ],
                    [
                        8.888413617287311,
                        10.301394984877765,
                        0.0,
                        6.827884156806528
                    ],
                    [
                        6.623407951212567,
                        9.252241914345154,
                        6.827884156806528,
                        0.0
                    ]
                ]
            ],
            "COS_SIM": [
                0.948673665523529
            ]
        },
        "sotsuron_models/sotsuron2_pianoroll_distance_model/generated/00005542_TRHIRGP128F4280974/npy/87.npy": {
            "EB": [
                [
                    0.0,
                    1.0,
                    0.0,
                    1.0,
                    0.0
                ]
            ],
            "UPC": [
                [
                    3.0,
                    0.0,
                    3.0,
                    0.0,
                    3.25
                ]
            ],
            "DP": [
                12.5
            ],
            "TD": [
                [
                    [
                        0.0,
                        7.620021278390467,
                        10.384685204951335,
                        13.058756509748157
                    ],
                    [
                        7.620021278390467,
                        0.0,
                        11.397719462296708,
                        11.627052350351349
                    ],
                    [
                        10.384685204951335,
                        11.397719462296708,
                        0.0,
                        11.414772859048202
                    ],
                    [
                        13.058756509748157,
                        11.627052350351349,
                        11.414772859048202,
                        0.0
                    ]
                ]
            ],
            "COS_SIM": [
                0.9211325645446777
            ]
        },
        "sotsuron_models/sotsuron2_pianoroll_distance_model/generated/00005542_TRHIRGP128F4280974/npy/108.npy": {
            "EB": [
                [
                    0.0,
                    0.75,
                    0.0,
                    1.0,
                    0.0
                ]
            ],
            "UPC": [
                [
                    3.0,
                    0.25,
                    1.75,
                    0.0,
                    1.75
                ]
            ],
            "DP": [
                12.0
            ],
            "TD": [
                [
                    [
                        0.0,
                        8.8968305942167,
                        7.484199150706921,
                        8.811994933712242
                    ],
                    [
                        8.8968305942167,
                        0.0,
                        9.120704096193583,
                        10.074836236138275
                    ],
                    [
                        7.484199150706921,
                        9.120704096193583,
                        0.0,
                        1.787044685589053
                    ],
                    [
                        8.811994933712242,
                        10.074836236138275,
                        1.787044685589053,
                        0.0
                    ]
                ]
            ],
            "COS_SIM": [
                0.8807136416435242
            ]
        },
        "sotsuron_models/sotsuron2_pianoroll_distance_model/generated/00005542_TRHIRGP128F4280974/npy/114.npy": {
            "EB": [
                [
                    0.0,
                    1.0,
                    0.0,
                    1.0,
                    0.0
                ]
            ],
            "UPC": [
                [
                    3.0,
                    0.0,
                    1.0,
                    0.0,
                    1.0
                ]
            ],
            "DP": [
                11.75
            ],
            "TD": [
                [
                    [
                        0.0,
                        8.871626024582017,
                        6.358345641100084,
                        6.358345641100084
                    ],
                    [
                        8.871626024582017,
                        0.0,
                        6.8170546180641365,
                        6.8170546180641365
                    ],
                    [
                        6.358345641100084,
                        6.8170546180641365,
                        0.0,
                        0.0
                    ],
                    [
                        6.358345641100084,
                        6.8170546180641365,
                        0.0,
                        0.0
                    ]
                ]
            ],
            "COS_SIM": [
                0.9170262217521667
            ]
        }
    },
    "sotsuron_models/sotsuron2_pianoroll_distance_model/generated/00001703_TRNHGBY128F4279B99": {
        "sotsuron_models/sotsuron2_pianoroll_distance_model/generated/00001703_TRNHGBY128F4279B99/npy/74.npy": {
            "EB": [
                [
                    0.0,
                    1.0,
                    0.75,
                    1.0,
                    0.0
                ]
            ],
            "UPC": [
                [
                    3.25,
                    0.0,
                    0.25,
                    0.0,
                    2.0
                ]
            ],
            "DP": [
                8.025
            ],
            "TD": [
                [
                    [
                        0.0,
                        0.0,
                        6.668678424662262,
                        7.746315536194977
                    ],
                    [
                        0.0,
                        0.0,
                        6.668678424662262,
                        7.746315536194977
                    ],
                    [
                        6.668678424662262,
                        6.668678424662262,
                        0.0,
                        4.366213101378657
                    ],
                    [
                        7.746315536194977,
                        7.746315536194977,
                        4.366213101378657,
                        0.0
                    ]
                ]
            ],
            "COS_SIM": [
                0.9216348528862
            ]
        },
        "sotsuron_models/sotsuron2_pianoroll_distance_model/generated/00001703_TRNHGBY128F4279B99/npy/76.npy": {
            "EB": [
                [
                    0.0,
                    1.0,
                    0.0,
                    1.0,
                    0.0
                ]
            ],
            "UPC": [
                [
                    3.0,
                    0.0,
                    1.0,
                    0.0,
                    2.5
                ]
            ],
            "DP": [
                6.5
            ],
            "TD": [
                [
                    [
                        0.0,
                        5.940674748359027,
                        7.688476939896439,
                        10.02041215602502
                    ],
                    [
                        5.940674748359027,
                        0.0,
                        8.946015811068348,
                        11.613516648867527
                    ],
                    [
                        7.688476939896439,
                        8.946015811068348,
                        0.0,
                        9.571261677355716
                    ],
                    [
                        10.02041215602502,
                        11.613516648867527,
                        9.571261677355716,
                        0.0
                    ]
                ]
            ],
            "COS_SIM": [
                0.9297088384628296
            ]
        },
        "sotsuron_models/sotsuron2_pianoroll_distance_model/generated/00001703_TRNHGBY128F4279B99/npy/25.npy": {
            "EB": [
                [
                    0.0,
                    1.0,
                    1.0,
                    1.0,
                    0.0
                ]
            ],
            "UPC": [
                [
                    3.0,
                    0.0,
                    0.0,
                    0.0,
                    1.5
                ]
            ],
            "DP": [
                8.0
            ],
            "TD": [
                [
                    [
                        0.0,
                        6.374803101263984,
                        1.4851686870897565,
                        2.5628256466321457
                    ],
                    [
                        6.374803101263984,
                        0.0,
                        4.889634414174227,
                        7.376583455500425
                    ],
                    [
                        1.4851686870897565,
                        4.889634414174227,
                        0.0,
                        2.4869490413261977
                    ],
                    [
                        2.5628256466321457,
                        7.376583455500425,
                        2.4869490413261977,
                        0.0
                    ]
                ]
            ],
            "COS_SIM": [
                0.9492453932762146
            ]
        },
        "sotsuron_models/sotsuron2_pianoroll_distance_model/generated/00001703_TRNHGBY128F4279B99/npy/97.npy": {
            "EB": [
                [
                    0.0,
                    1.0,
                    1.0,
                    1.0,
                    0.0
                ]
            ],
            "UPC": [
                [
                    3.0,
                    0.0,
