{
    "sotsuron_models/sotsuron1_d_conditioning_model/generated/00005542_TRHIRGP128F4280974_repeat": {
        "sotsuron_models/sotsuron1_d_conditioning_model/generated/00005542_TRHIRGP128F4280974_repeat/npy/105.npy": {
            "EB": [
                [
                    0.0,
                    0.0,
                    0.0,
                    0.0,
                    0.0
                ],
                [
                    0.0,
                    0.0,
                    0.0,
                    0.0,
                    0.0
                ],
                [
                    0.0,
                    0.0,
                    0.0,
                    0.0,
                    0.0
                ],
                [
                    0.0,
                    0.0,
                    0.0,
                    0.0,
                    0.0
                ]
            ],
            "UPC": [
                [
                    12.0,
                    12.0,
                    12.0,
                    12.0,
                    12.0
                ],
                [
                    12.0,
                    12.0,
                    12.0,
                    12.0,
                    12.0
                ],
                [
                    12.0,
                    12.0,
                    12.0,
                    12.0,
                    12.0
                ],
                [
                    12.0,
                    12.0,
                    12.0,
                    12.0,
                    12.0
                ]
            ],
            "DP": [
                180.55,
                175.55,
                182.45,
                182.575
            ],
            "TD": [
                [
                    [
                        0.0,
                        1.184778719967779,
                        1.04110748670763,
                        1.1917519262665577
                    ],
                    [
                        1.184778719967779,
                        0.0,
                        1.0332634105230682,
                        1.2488096593115123
                    ],
                    [
                        1.04110748670763,
                        1.0332634105230682,
                        0.0,
                        1.1420153181247104
                    ],
                    [
                        1.1917519262665577,
                        1.2488096593115123,
                        1.1420153181247104,
                        0.0
                    ]
                ],
                [
                    [
                        0.0,
                        1.1749844924384787,
                        0.9534611660654195,
                        1.424923851466698
                    ],
                    [
                        1.1749844924384787,
                        0.0,
                        1.3027351329397767,
                        1.5983406541134446
                    ],
                    [
                        0.9534611660654195,
                        1.3027351329397767,
                        0.0,
                        1.3196178362257505
                    ],
                    [
                        1.424923851466698,
                        1.5983406541134446,
                        1.3196178362257505,
                        0.0
                    ]
                ],
                [
                    [
                        0.0,
                        1.2934607900786814,
                        1.5214265833203235,
                        1.6186781044189151
                    ],
                    [
                        1.2934607900786814,
                        0.0,
                        1.3802479637882368,
                        1.3276900086241454
                    ],
                    [
                        1.5214265833203235,
                        1.3802479637882368,
                        0.0,
                        1.50637204738358
                    ],
                    [
                        1.6186781044189151,
                        1.3276900086241454,
                        1.50637204738358,
                        0.0
                    ]
                ],
                [
                    [
                        0.0,
                        1.1473075096940228,
                        1.0236126199054043,
                        1.3513314505961678
                    ],
                    [
                        1.1473075096940228,
                        0.0,
                        1.1120591972148075,
                        1.4748593008369002
                    ],
                    [
                        1.0236126199054043,
                        1.1120591972148075,
                        0.0,
                        1.4399513282385856
                    ],
                    [
                        1.3513314505961678,
                        1.4748593008369002,
                        1.4399513282385856,
                        0.0
                    ]
                ]
            ],
            "COS_SIM": [
                0.8065369725227356,
                0.8199957013130188,
                0.8127886652946472,
                0.8416117429733276
            ]
        }
    },
    "sotsuron_models/sotsuron1_d_conditioning_model/generated/00005542_TRHIRGP128F4280974_noise": {
        "sotsuron_models/sotsuron1_d_conditioning_model/generated/00005542_TRHIRGP128F4280974_noise/npy/105.npy": {
            "EB": [
                [
                    0.0,
                    0.0,
                    0.0,
                    0.0,
                    0.0
                ],
                [
                    0.0,
                    0.0,
                    0.0,
                    0.0,
                    0.0
                ],
                [
                    0.0,
                    0.0,
                    0.0,
                    0.0,
                    0.0
                ],
                [
                    0.0,
                    0.0,
                    0.0,
                    0.0,
                    0.0
                ]
            ],
            "UPC": [
                [
                    12.0,
                    12.0,
                    12.0,
                    12.0,
                    12.0
                ],
                [
                    12.0,
                    12.0,
                    12.0,
                    12.0,
                    12.0
                ],
                [
                    12.0,
                    12.0,
                    12.0,
                    12.0,
                    12.0
                ],
                [
                    12.0,
                    12.0,
                    12.0,
                    12.0,
                    12.0
                ]
            ],
            "DP": [
                173.5,
                177.95,
                177.525,
                180.77499999999998
            ],
            "TD": [
                [
                    [
                        0.0,
                        1.2538454323688473,
                        1.0698829868394457,
                        1.0656542109480633
                    ],
                    [
                        1.2538454323688473,
                        0.0,
                        1.352054412109017,
                        1.4785578559864203
                    ],
                    [
                        1.0698829868394457,
                        1.352054412109017,
                        0.0,
                        1.0392090356295351
                    ],
                    [
                        1.0656542109480633,
                        1.4785578559864203,
                        1.0392090356295351,
                        0.0
                    ]
                ],
                [
                    [
                        0.0,
                        1.3413236684602627,
                        1.0148690878744957,
                        1.4886293513886653
                    ],
                    [
                        1.3413236684602627,
                        0.0,
                        1.4472084406576564,
                        1.6532886491041627
                    ],
                    [
                        1.0148690878744957,
                        1.4472084406576564,
                        0.0,
                        1.5545520662924421
                    ],
                    [
                        1.4886293513886653,
                        1.6532886491041627,
                        1.5545520662924421,
                        0.0
                    ]
                ],
                [
                    [
                        0.0,
                        1.7255008211936798,
                        1.9094994015998106,
                        1.7645288985615764
                    ],
                    [
                        1.7255008211936798,
                        0.0,
                        1.574658673104211,
                        1.2569277356554491
                    ],
                    [
                        1.9094994015998106,
                        1.574658673104211,
                        0.0,
                        1.4345412883528341
                    ],
                    [
                        1.7645288985615764,
                        1.2569277356554491,
                        1.4345412883528341,
                        0.0
                    ]
                ],
                [
                    [
                        0.0,
                        1.2119400490814505,
                        1.3199495546017261,
                        1.088389900818501
                    ],
                    [
                        1.2119400490814505,
                        0.0,
                        1.4253945132557293,
                        1.2144726430391255
                    ],
                    [
                        1.3199495546017261,
                        1.4253945132557293,
                        0.0,
                        1.5600979195064255
                    ],
                    [
                        1.088389900818501,
                        1.2144726430391255,
                        1.5600979195064255,
                        0.0
                    ]
                ]
            ],
            "COS_SIM": [
                0.8648706674575806,
                0.8249754905700684,
                0.8533878326416016,
                0.8376031517982483
            ]
        }
    },
    "sotsuron_models/sotsuron1_d_conditioning_model/generated/00006683_TRSUXOX128F429060A": {
        "sotsuron_models/sotsuron1_d_conditioning_model/generated/00006683_TRSUXOX128F429060A/npy/32.npy": {
            "EB": [
                [
                    0.0,
                    0.0,
                    0.0,
                    0.0,
                    0.0
                ]
            ],
            "UPC": [
                [
                    12.0,
                    12.0,
                    12.0,
                    12.0,
                    12.0
                ]
            ],
            "DP": [
                180.05
            ],
            "TD": [
                [
                    [
                        0.0,
                        2.054868674373175,
                        1.2217769601480757,
                        2.316844176285207
                    ],
                    [
                        2.054868674373175,
                        0.0,
                        2.218406455990526,
                        1.4741438254209482
                    ],
                    [
                        1.2217769601480757,
                        2.218406455990526,
                        0.0,
                        2.1901683884241034
                    ],
                    [
                        2.316844176285207,
                        1.4741438254209482,
                        2.1901683884241034,
                        0.0
                    ]
                ]
            ],
            "COS_SIM": [
                0.8740352988243103
            ]
        },
        "sotsuron_models/sotsuron1_d_conditioning_model/generated/00006683_TRSUXOX128F429060A/npy/68.npy": {
            "EB": [
                [
                    0.0,
                    0.0,
                    0.0,
                    0.0,
                    0.0
                ]
            ],
            "UPC": [
                [
                    12.0,
                    12.0,
                    12.0,
                    12.0,
                    12.0
                ]
            ],
            "DP": [
                177.125
            ],
            "TD": [
                [
                    [
                        0.0,
                        2.5063559579801944,
                        1.413527830244861,
                        2.2967008638901865
                    ],
                    [
                        2.5063559579801944,
                        0.0,
                        2.2322568207501847,
                        1.6290978653395503
                    ],
                    [
                        1.413527830244861,
                        2.2322568207501847,
                        0.0,
                        1.9779216263517008
                    ],
                    [
                        2.2967008638901865,
                        1.6290978653395503,
                        1.9779216263517008,
                        0.0
                    ]
                ]
            ],
            "COS_SIM": [
                0.8815345764160156
            ]
        },
        "sotsuron_models/sotsuron1_d_conditioning_model/generated/00006683_TRSUXOX128F429060A/npy/69.npy": {
            "EB": [
                [
                    0.0,
                    0.0,
                    0.0,
                    0.0,
                    0.0
                ]
            ],
            "UPC": [
                [
                    12.0,
                    12.0,
                    12.0,
                    12.0,
                    12.0
                ]
            ],
            "DP": [
                171.55
            ],
            "TD": [
                [
                    [
                        0.0,
                        2.182290871831062,
                        1.3347772626418588,
                        1.9505941233217081
                    ],
                    [
                        2.182290871831062,
                        0.0,
                        2.1679221923276235,
                        1.6624219022854845
                    ],
                    [
                        1.3347772626418588,
                        2.1679221923276235,
                        0.0,
                        1.8415373969026265
                    ],
                    [
                        1.9505941233217081,
                        1.6624219022854845,
                        1.8415373969026265,
                        0.0
                    ]
                ]
            ],
            "COS_SIM": [
                0.8855540752410889
            ]
        },
        "sotsuron_models/sotsuron1_d_conditioning_model/generated/00006683_TRSUXOX128F429060A/npy/103.npy": {
            "EB": [
                [
                    0.0,
                    0.0,
                    0.0,
                    0.0,
                    0.0
                ]
            ],
            "UPC": [
                [
                    12.0,
                    12.0,
                    12.0,
                    12.0,
                    12.0
                ]
            ],
            "DP": [
                181.25
            ],
            "TD": [
                [
                    [
                        0.0,
                        2.318882003764522,
                        1.5105963480520028,
                        2.22261356419927
                    ],
                    [
                        2.318882003764522,
                        0.0,
                        2.232189780959832,
                        1.669971807745512
                    ],
                    [
                        1.5105963480520028,
                        2.232189780959832,
                        0.0,
                        2.33609073899987
                    ],
                    [
                        2.22261356419927,
                        1.669971807745512,
                        2.33609073899987,
                        0.0
                    ]
                ]
            ],
            "COS_SIM": [
                0.8667281866073608
            ]
        },
        "sotsuron_models/sotsuron1_d_conditioning_model/generated/00006683_TRSUXOX128F429060A/npy/59.npy": {
            "EB": [
                [
                    0.0,
                    0.0,
                    0.0,
                    0.0,
                    0.0
                ]
            ],
            "UPC": [
                [
                    12.0,
                    12.0,
                    12.0,
                    12.0,
                    12.0
                ]
            ],
            "DP": [
                174.925
            ],
            "TD": [
                [
                    [
                        0.0,
                        2.235066095733823,
                        1.4657938680045663,
                        2.0422147122192085
                    ],
                    [
                        2.235066095733823,
                        0.0,
                        2.3045097202463354,
                        1.5309653511963903
                    ],
                    [
                        1.4657938680045663,
                        2.3045097202463354,
                        0.0,
                        1.9519376450135772
                    ],
                    [
                        2.0422147122192085,
                        1.5309653511963903,
                        1.9519376450135772,
                        0.0
                    ]
                ]
            ],
            "COS_SIM": [
                0.8859761953353882
            ]
        },
        "sotsuron_models/sotsuron1_d_conditioning_model/generated/00006683_TRSUXOX128F429060A/npy/72.npy": {
            "EB": [
                [
                    0.0,
                    0.0,
                    0.0,
                    0.0,
                    0.0
                ]
            ],
            "UPC": [
                [
                    12.0,
                    12.0,
                    12.0,
                    12.0,
                    12.0
                ]
            ],
            "DP": [
                182.075
            ],
            "TD": [
                [
                    [
                        0.0,
                        2.3206458275759765,
                        1.0714597332298477,
                        2.2157180455579764
                    ],
                    [
                        2.3206458275759765,
                        0.0,
                        2.1965428693483577,
                        1.4874540018332871
                    ],
                    [
                        1.0714597332298477,
                        2.1965428693483577,
                        0.0,
                        2.0157524157412543
                    ],
                    [
                        2.2157180455579764,
                        1.4874540018332871,
                        2.0157524157412543,
                        0.0
                    ]
                ]
            ],
            "COS_SIM": [
                0.8812789916992188
            ]
        },
        "sotsuron_models/sotsuron1_d_conditioning_model/generated/00006683_TRSUXOX128F429060A/npy/107.npy": {
            "EB": [
                [
                    0.0,
                    0.0,
                    0.0,
                    0.0,
                    0.0
                ]
            ],
            "UPC": [
                [
                    12.0,
                    12.0,
                    12.0,
                    12.0,
                    12.0
                ]
            ],
            "DP": [
                185.1
            ],
            "TD": [
                [
                    [
                        0.0,
                        2.0262095900983494,
                        1.2118931635828778,
                        2.0273410565722276
                    ],
                    [
                        2.0262095900983494,
                        0.0,
                        1.8929805900291414,
                        1.5571127751122253
                    ],
                    [
                        1.2118931635828778,
                        1.8929805900291414,
                        0.0,
                        1.8704456804791258
                    ],
                    [
                        2.0273410565722276,
                        1.5571127751122253,
                        1.8704456804791258,
                        0.0
                    ]
                ]
            ],
            "COS_SIM": [
                0.8489050269126892
            ]
        },
        "sotsuron_models/sotsuron1_d_conditioning_model/generated/00006683_TRSUXOX128F429060A/npy/33.npy": {
            "EB": [
                [
                    0.0,
                    0.0,
                    0.0,
                    0.0,
                    0.0
                ]
            ],
            "UPC": [
                [
                    12.0,
                    12.0,
                    12.0,
                    12.0,
                    12.0
                ]
            ],
            "DP": [
                174.0
            ],
            "TD": [
                [
                    [
                        0.0,
                        2.1918149618627485,
                        1.4709682843815135,
                        2.2255881966563726
                    ],
                    [
                        2.1918149618627485,
                        0.0,
                        2.1633607327528415,
                        1.7584016221835697
                    ],
                    [
                        1.4709682843815135,
                        2.1633607327528415,
                        0.0,
                        1.9410188314407384
                    ],
                    [
                        2.2255881966563726,
                        1.7584016221835697,
                        1.9410188314407384,
                        0.0
                    ]
                ]
            ],
            "COS_SIM": [
                0.8932527303695679
            ]
        }
    },
    "sotsuron_models/sotsuron1_d_conditioning_model/generated/00005542_TRHIRGP128F4280974": {
        "sotsuron_models/sotsuron1_d_conditioning_model/generated/00005542_TRHIRGP128F4280974/npy/83.npy": {
            "EB": [
                [
                    0.0,
                    0.0,
                    0.0,
                    0.0,
                    0.0
                ]
            ],
            "UPC": [
                [
                    12.0,
                    12.0,
                    12.0,
                    12.0,
                    12.0
                ]
            ],
            "DP": [
                177.72500000000002
            ],
            "TD": [
                [
                    [
                        0.0,
                        2.258711588403895,
                        1.3160951774314527,
                        2.103688223117252
                    ],
                    [
                        2.258711588403895,
                        0.0,
                        2.116673566170804,
                        1.5932876494614252
                    ],
                    [
                        1.3160951774314527,
                        2.116673566170804,
                        0.0,
                        1.861884409447371
                    ],
                    [
                        2.103688223117252,
                        1.5932876494614252,
                        1.861884409447371,
                        0.0
                    ]
                ]
            ],
            "COS_SIM": [
                0.8701756000518799
            ]
        },
        "sotsuron_models/sotsuron1_d_conditioning_model/generated/00005542_TRHIRGP128F4280974/npy/128.npy": {
            "EB": [
                [
                    0.0,
                    0.0,
                    0.0,
                    0.0,
                    0.0
                ]
            ],
            "UPC": [
                [
                    12.0,
                    12.0,
                    12.0,
                    12.0,
                    12.0
                ]
            ],
            "DP": [
                176.975
            ],
            "TD": [
                [
                    [
                        0.0,
                        1.9827845770680497,
                        1.297258122563135,
                        1.918313281096005
                    ],
                    [
                        1.9827845770680497,
                        0.0,
                        2.0079178200863916,
                        1.6172267020338946
                    ],
                    [
                        1.297258122563135,
                        2.0079178200863916,
                        0.0,
                        1.9248734784516204
                    ],
                    [
                        1.918313281096005,
                        1.6172267020338946,
                        1.9248734784516204,
                        0.0
                    ]
                ]
            ],
            "COS_SIM": [
                0.9222185015678406
            ]
        },
        "sotsuron_models/sotsuron1_d_conditioning_model/generated/00005542_TRHIRGP128F4280974/npy/140.npy": {
            "EB": [
                [
                    0.0,
                    0.0,
                    0.0,
                    0.0,
                    0.0
                ]
            ],
            "UPC": [
                [
                    12.0,
                    12.0,
                    12.0,
                    12.0,
                    12.0
                ]
            ],
            "DP": [
                175.9
            ],
            "TD": [
                [
                    [
                        0.0,
                        1.9352961416772423,
                        1.3875952099847457,
                        1.7570303402382552
                    ],
                    [
                        1.9352961416772423,
                        0.0,
                        1.790694737138629,
                        1.573072491732293
                    ],
                    [
                        1.3875952099847457,
                        1.790694737138629,
                        0.0,
                        1.655171008112748
                    ],
                    [
                        1.7570303402382552,
                        1.573072491732293,
                        1.655171008112748,
                        0.0
                    ]
                ]
            ],
            "COS_SIM": [
                0.835548460483551
            ]
        },
        "sotsuron_models/sotsuron1_d_conditioning_model/generated/00005542_TRHIRGP128F4280974/npy/98.npy": {
            "EB": [
                [
                    0.0,
                    0.0,
                    0.0,
                    0.0,
                    0.0
                ]
            ],
            "UPC": [
                [
                    12.0,
                    12.0,
                    12.0,
                    12.0,
                    12.0
                ]
            ],
            "DP": [
                177.825
            ],
            "TD": [
                [
                    [
                        0.0,
                        1.9368662198869677,
                        1.4360388827489694,
                        1.68477877238375
                    ],
                    [
                        1.9368662198869677,
                        0.0,
                        2.0783733414446552,
                        1.667893940283861
                    ],
                    [
                        1.4360388827489694,
                        2.0783733414446552,
                        0.0,
                        2.0041348864460997
                    ],
                    [
                        1.68477877238375,
                        1.667893940283861,
                        2.0041348864460997,
                        0.0
                    ]
                ]
            ],
            "COS_SIM": [
                0.8427311182022095
            ]
        },
        "sotsuron_models/sotsuron1_d_conditioning_model/generated/00005542_TRHIRGP128F4280974/npy/105.npy": {
            "EB": [
                [
                    0.0,
                    0.0,
                    0.0,
                    0.0,
                    0.0
                ]
            ],
            "UPC": [
                [
                    12.0,
                    12.0,
                    12.0,
                    12.0,
                    12.0
                ]
            ],
            "DP": [
                174.59999999999997
            ],
            "TD": [
                [
                    [
                        0.0,
                        1.9999260544360205,
                        1.267114362061529,
                        1.6806138950626959
                    ],
                    [
                        1.9999260544360205,
                        0.0,
                        2.3172776591698345,
                        1.690590379789684
                    ],
                    [
                        1.267114362061529,
                        2.3172776591698345,
                        0.0,
                        1.8823592909471345
                    ],
                    [
                        1.6806138950626959,
                        1.690590379789684,
                        1.8823592909471345,
                        0.0
                    ]
                ]
            ],
            "COS_SIM": [
                0.7818056344985962
            ]
        },
        "sotsuron_models/sotsuron1_d_conditioning_model/generated/00005542_TRHIRGP128F4280974/npy/87.npy": {
            "EB": [
                [
                    0.0,
                    0.0,
                    0.0,
                    0.0,
                    0.0
                ]
            ],
            "UPC": [
                [
                    12.0,
                    12.0,
                    12.0,
                    12.0,
                    12.0
                ]
            ],
            "DP": [
                178.225
            ],
            "TD": [
                [
                    [
                        0.0,
                        2.080789774046161,
                        1.482890482212248,
                        2.1208012006821546
                    ],
                    [
                        2.080789774046161,
                        0.0,
                        2.0483709495876816,
                        1.3924594633172596
                    ],
                    [
                        1.482890482212248,
                        2.0483709495876816,
                        0.0,
                        2.082943795636141
                    ],
                    [
                        2.1208012006821546,
                        1.3924594633172596,
                        2.082943795636141,
                        0.0
                    ]
                ]
            ],
            "COS_SIM": [
                0.8065662384033203
            ]
        },
        "sotsuron_models/sotsuron1_d_conditioning_model/generated/00005542_TRHIRGP128F4280974/npy/108.npy": {
            "EB": [
                [
                    0.0,
                    0.0,
                    0.0,
                    0.0,
                    0.0
                ]
            ],
            "UPC": [
                [
                    12.0,
                    12.0,
                    12.0,
                    12.0,
                    12.0
                ]
            ],
            "DP": [
                176.77499999999998
            ],
            "TD": [
                [
                    [
                        0.0,
                        2.332518737149053,
                        1.3992244835954937,
                        2.193919142031917
                    ],
                    [
                        2.332518737149053,
                        0.0,
                        2.1153655661222848,
                        1.5289496267408342
                    ],
                    [
                        1.3992244835954937,
                        2.1153655661222848,
                        0.0,
                        1.9698725532164127
                    ],
                    [
                        2.193919142031917,
                        1.5289496267408342,
                        1.9698725532164127,
                        0.0
                    ]
                ]
            ],
            "COS_SIM": [
                0.8603482842445374
            ]
        },
        "sotsuron_models/sotsuron1_d_conditioning_model/generated/00005542_TRHIRGP128F4280974/npy/114.npy": {
            "EB": [
                [
                    0.0,
                    0.0,
                    0.0,
                    0.0,
                    0.0
                ]
            ],
            "UPC": [
                [
                    12.0,
                    12.0,
                    12.0,
                    12.0,
                    12.0
                ]
            ],
            "DP": [
                173.95
            ],
            "TD": [
                [
                    [
                        0.0,
                        2.2551239742962905,
                        1.5463886659516404,
                        2.3431046476766197
                    ],
                    [
                        2.2551239742962905,
                        0.0,
                        2.0122734652958174,
                        1.6800304188444826
                    ],
                    [
                        1.5463886659516404,
                        2.0122734652958174,
                        0.0,
                        2.0839498506528207
                    ],
                    [
                        2.3431046476766197,
                        1.6800304188444826,
                        2.0839498506528207,
                        0.0
                    ]
                ]
            ],
            "COS_SIM": [
                0.8722812533378601
            ]
        }
    },
    "sotsuron_models/sotsuron1_d_conditioning_model/generated/00001703_TRNHGBY128F4279B99": {
        "sotsuron_models/sotsuron1_d_conditioning_model/generated/00001703_TRNHGBY128F4279B99/npy/74.npy": {
            "EB": [
                [
                    0.0,
                    0.0,
                    0.0,
                    0.0,
                    0.0
                ]
            ],
            "UPC": [
                [
                    12.0,
                    12.0,
                    12.0,
                    12.0,
                    12.0
                ]
            ],
            "DP": [
                176.025
            ],
            "TD": [
                [
                    [
                        0.0,
                        1.9319759520192392,
                        1.2754761452765235,
                        2.087369699096038
                    ],
                    [
                        1.9319759520192392,
                        0.0,
                        1.897729522805635,
                        1.4149159166193725
                    ],
                    [
                        1.2754761452765235,
                        1.897729522805635,
                        0.0,
                        2.031044913261004
                    ],
                    [
                        2.087369699096038,
                        1.4149159166193725,
                        2.031044913261004,
                        0.0
                    ]
                ]
            ],
            "COS_SIM": [
                0.87346351146698
            ]
        },
        "sotsuron_models/sotsuron1_d_conditioning_model/generated/00001703_TRNHGBY128F4279B99/npy/76.npy": {
            "EB": [
                [
                    0.0,
                    0.0,
                    0.0,
                    0.0,
                    0.0
                ]
            ],
            "UPC": [
                [
                    12.0,
                    12.0,
                    12.0,
                    12.0,
                    12.0
                ]
            ],
            "DP": [
                178.775
            ],
            "TD": [
                [
                    [
                        0.0,
                        1.903371137295623,
                        1.3575124308228061,
                        2.186909595897939
                    ],
                    [
                        1.903371137295623,
                        0.0,
                        1.9014449976400063,
                        1.5271812973426142
                    ],
                    [
                        1.3575124308228061,
                        1.9014449976400063,
                        0.0,
                        2.1517259679266423
                    ],
                    [
                        2.186909595897939,
                        1.5271812973426142,
                        2.1517259679266423,
                        0.0
                    ]
                ]
            ],
            "COS_SIM": [
                0.8300734758377075
            ]
        },
        "sotsuron_models/sotsuron1_d_conditioning_model/generated/00001703_TRNHGBY128F4279B99/npy/25.npy": {
            "EB": [
                [
                    0.0,
                    0.0,
                    0.0,
                    0.0,
                    0.0
                ]
            ],
            "UPC": [
                [
                    12.0,
                    12.0,
                    12.0,
                    12.0,
                    12.0
                ]
            ],
            "DP": [
                184.175
            ],
            "TD": [
                [
                    [
                        0.0,
                        2.2465373655861542,
                        1.3410424653228339,
                        2.155549771406853
                    ],
                    [
                        2.2465373655861542,
                        0.0,
                        2.015373820505568,
                        1.6087185586148642
                    ],
                    [
                        1.3410424653228339,
                        2.015373820505568,
                        0.0,
                        1.860836052688389
                    ],
                    [
                        2.155549771406853,
