{
    "sotsuron_models/sotsuron1_d_conditioning_model/generated/00006683_TRSUXOX128F429060A": {
        "sotsuron_models/sotsuron1_d_conditioning_model/generated/00006683_TRSUXOX128F429060A/npy/32.npy": {
            "EB": [
                [
                    0.0,
                    0.0,
                    0.0,
                    0.0,
                    0.0
                ]
            ],
            "UPC": [
                [
                    12.0,
                    12.0,
                    12.0,
                    12.0,
                    12.0
                ]
            ],
            "DP": [
                0.07784262862083874
            ],
            "TD": [
                [
                    [
                        0.0,
                        2.054868674373175,
                        1.2217769601480757,
                        2.316844176285207
                    ],
                    [
                        2.054868674373175,
                        0.0,
                        2.218406455990526,
                        1.4741438254209482
                    ],
                    [
                        1.2217769601480757,
                        2.218406455990526,
                        0.0,
                        2.1901683884241034
                    ],
                    [
                        2.316844176285207,
                        1.4741438254209482,
                        2.1901683884241034,
                        0.0
                    ]
                ]
            ],
            "COS_SIM": [
                0.8841349482536316
            ]
        },
        "sotsuron_models/sotsuron1_d_conditioning_model/generated/00006683_TRSUXOX128F429060A/npy/68.npy": {
            "EB": [
                [
                    0.0,
                    0.0,
                    0.0,
                    0.0,
                    0.0
                ]
            ],
            "UPC": [
                [
                    12.0,
                    12.0,
                    12.0,
                    12.0,
                    12.0
                ]
            ],
            "DP": [
                0.07654494382022473
            ],
            "TD": [
                [
                    [
                        0.0,
                        2.5063559579801944,
                        1.413527830244861,
                        2.2967008638901865
                    ],
                    [
                        2.5063559579801944,
                        0.0,
                        2.2322568207501847,
                        1.6290978653395503
                    ],
                    [
                        1.413527830244861,
                        2.2322568207501847,
                        0.0,
                        1.9779216263517008
                    ],
                    [
                        2.2967008638901865,
                        1.6290978653395503,
                        1.9779216263517008,
                        0.0
                    ]
                ]
            ],
            "COS_SIM": [
                0.8390784859657288
            ]
        },
        "sotsuron_models/sotsuron1_d_conditioning_model/generated/00006683_TRSUXOX128F429060A/npy/69.npy": {
            "EB": [
                [
                    0.0,
                    0.0,
                    0.0,
                    0.0,
                    0.0
                ]
            ],
            "UPC": [
                [
                    12.0,
                    12.0,
                    12.0,
                    12.0,
                    12.0
                ]
            ],
            "DP": [
                0.07510945709281962
            ],
            "TD": [
                [
                    [
                        0.0,
                        2.182290871831062,
                        1.3347772626418588,
                        1.9505941233217081
                    ],
                    [
                        2.182290871831062,
                        0.0,
                        2.1679221923276235,
                        1.6624219022854845
                    ],
                    [
                        1.3347772626418588,
                        2.1679221923276235,
                        0.0,
                        1.8415373969026265
                    ],
                    [
                        1.9505941233217081,
                        1.6624219022854845,
                        1.8415373969026265,
                        0.0
                    ]
                ]
            ],
            "COS_SIM": [
                0.7547071576118469
            ]
        },
        "sotsuron_models/sotsuron1_d_conditioning_model/generated/00006683_TRSUXOX128F429060A/npy/103.npy": {
            "EB": [
                [
                    0.0,
                    0.0,
                    0.0,
                    0.0,
                    0.0
                ]
            ],
            "UPC": [
                [
                    12.0,
                    12.0,
                    12.0,
                    12.0,
                    12.0
                ]
            ],
            "DP": [
                0.07762312633832977
            ],
            "TD": [
                [
                    [
                        0.0,
                        2.318882003764522,
                        1.5105963480520028,
                        2.22261356419927
                    ],
                    [
                        2.318882003764522,
                        0.0,
                        2.232189780959832,
                        1.669971807745512
                    ],
                    [
                        1.5105963480520028,
                        2.232189780959832,
                        0.0,
                        2.33609073899987
                    ],
                    [
                        2.22261356419927,
                        1.669971807745512,
                        2.33609073899987,
                        0.0
                    ]
                ]
            ],
            "COS_SIM": [
                0.8656166195869446
            ]
        },
        "sotsuron_models/sotsuron1_d_conditioning_model/generated/00006683_TRSUXOX128F429060A/npy/59.npy": {
            "EB": [
                [
                    0.0,
                    0.0,
                    0.0,
                    0.0,
                    0.0
                ]
            ],
            "UPC": [
                [
                    12.0,
                    12.0,
                    12.0,
                    12.0,
                    12.0
                ]
            ],
            "DP": [
                0.0764866637516397
            ],
            "TD": [
                [
                    [
                        0.0,
                        2.235066095733823,
                        1.4657938680045663,
                        2.0422147122192085
                    ],
                    [
                        2.235066095733823,
                        0.0,
                        2.3045097202463354,
                        1.5309653511963903
                    ],
                    [
                        1.4657938680045663,
                        2.3045097202463354,
                        0.0,
                        1.9519376450135772
                    ],
                    [
                        2.0422147122192085,
                        1.5309653511963903,
                        1.9519376450135772,
                        0.0
                    ]
                ]
            ],
            "COS_SIM": [
                0.8322454690933228
            ]
        },
        "sotsuron_models/sotsuron1_d_conditioning_model/generated/00006683_TRSUXOX128F429060A/npy/72.npy": {
            "EB": [
                [
                    0.0,
                    0.0,
                    0.0,
                    0.0,
                    0.0
                ]
            ],
            "UPC": [
                [
                    12.0,
                    12.0,
                    12.0,
                    12.0,
                    12.0
                ]
            ],
            "DP": [
                0.07989249670908292
            ],
            "TD": [
                [
                    [
                        0.0,
                        2.3206458275759765,
                        1.0714597332298477,
                        2.2157180455579764
                    ],
                    [
                        2.3206458275759765,
                        0.0,
                        2.1965428693483577,
                        1.4874540018332871
                    ],
                    [
                        1.0714597332298477,
                        2.1965428693483577,
                        0.0,
                        2.0157524157412543
                    ],
                    [
                        2.2157180455579764,
                        1.4874540018332871,
                        2.0157524157412543,
                        0.0
                    ]
                ]
            ],
            "COS_SIM": [
                0.8104174733161926
            ]
        },
        "sotsuron_models/sotsuron1_d_conditioning_model/generated/00006683_TRSUXOX128F429060A/npy/107.npy": {
            "EB": [
                [
                    0.0,
                    0.0,
                    0.0,
                    0.0,
                    0.0
                ]
            ],
            "UPC": [
                [
                    12.0,
                    12.0,
                    12.0,
                    12.0,
                    12.0
                ]
            ],
            "DP": [
                0.07886663826161057
            ],
            "TD": [
                [
                    [
                        0.0,
                        2.0262095900983494,
                        1.2118931635828778,
                        2.0273410565722276
                    ],
                    [
                        2.0262095900983494,
                        0.0,
                        1.8929805900291414,
                        1.5571127751122253
                    ],
                    [
                        1.2118931635828778,
                        1.8929805900291414,
                        0.0,
                        1.8704456804791258
                    ],
                    [
                        2.0273410565722276,
                        1.5571127751122253,
                        1.8704456804791258,
                        0.0
                    ]
                ]
            ],
            "COS_SIM": [
                0.9117732048034668
            ]
        },
        "sotsuron_models/sotsuron1_d_conditioning_model/generated/00006683_TRSUXOX128F429060A/npy/33.npy": {
            "EB": [
                [
                    0.0,
                    0.0,
                    0.0,
                    0.0,
                    0.0
                ]
            ],
            "UPC": [
                [
                    12.0,
                    12.0,
                    12.0,
                    12.0,
                    12.0
                ]
            ],
            "DP": [
                0.07608220376038478
            ],
            "TD": [
                [
                    [
                        0.0,
                        2.1918149618627485,
                        1.4709682843815135,
                        2.2255881966563726
                    ],
                    [
                        2.1918149618627485,
                        0.0,
                        2.1633607327528415,
                        1.7584016221835697
                    ],
                    [
                        1.4709682843815135,
                        2.1633607327528415,
                        0.0,
                        1.9410188314407384
                    ],
                    [
                        2.2255881966563726,
                        1.7584016221835697,
                        1.9410188314407384,
                        0.0
                    ]
                ]
            ],
            "COS_SIM": [
                0.8148307204246521
            ]
        }
    },
    "sotsuron_models/sotsuron1_d_conditioning_model/generated/00005542_TRHIRGP128F4280974": {
        "sotsuron_models/sotsuron1_d_conditioning_model/generated/00005542_TRHIRGP128F4280974/npy/83.npy": {
            "EB": [
                [
                    0.0,
                    0.0,
                    0.0,
                    0.0,
                    0.0
                ]
            ],
            "UPC": [
                [
                    12.0,
                    12.0,
                    12.0,
                    12.0,
                    12.0
                ]
            ],
            "DP": [
                0.077372659991293
            ],
            "TD": [
                [
                    [
                        0.0,
                        2.258711588403895,
                        1.3160951774314527,
                        2.103688223117252
                    ],
                    [
                        2.258711588403895,
                        0.0,
                        2.116673566170804,
                        1.5932876494614252
                    ],
                    [
                        1.3160951774314527,
                        2.116673566170804,
                        0.0,
                        1.861884409447371
                    ],
                    [
                        2.103688223117252,
                        1.5932876494614252,
                        1.861884409447371,
                        0.0
                    ]
                ]
            ],
            "COS_SIM": [
                0.9336525797843933
            ]
        },
        "sotsuron_models/sotsuron1_d_conditioning_model/generated/00005542_TRHIRGP128F4280974/npy/128.npy": {
            "EB": [
                [
                    0.0,
                    0.0,
                    0.0,
                    0.0,
                    0.0
                ]
            ],
            "UPC": [
                [
                    12.0,
                    12.0,
                    12.0,
                    12.0,
                    12.0
                ]
            ],
            "DP": [
                0.07582476435304199
            ],
            "TD": [
                [
                    [
                        0.0,
                        1.9827845770680497,
                        1.297258122563135,
                        1.918313281096005
                    ],
                    [
                        1.9827845770680497,
                        0.0,
                        2.0079178200863916,
                        1.6172267020338946
                    ],
                    [
                        1.297258122563135,
                        2.0079178200863916,
                        0.0,
                        1.9248734784516204
                    ],
                    [
                        1.918313281096005,
                        1.6172267020338946,
                        1.9248734784516204,
                        0.0
                    ]
                ]
            ],
            "COS_SIM": [
                0.8239362239837646
            ]
        },
        "sotsuron_models/sotsuron1_d_conditioning_model/generated/00005542_TRHIRGP128F4280974/npy/140.npy": {
            "EB": [
                [
                    0.0,
                    0.0,
                    0.0,
                    0.0,
                    0.0
                ]
            ],
            "UPC": [
                [
                    12.0,
                    12.0,
                    12.0,
                    12.0,
                    12.0
                ]
            ],
            "DP": [
                0.07681222707423581
            ],
            "TD": [
                [
                    [
                        0.0,
                        1.9352961416772423,
                        1.3875952099847457,
                        1.7570303402382552
                    ],
                    [
                        1.9352961416772423,
                        0.0,
                        1.790694737138629,
                        1.573072491732293
                    ],
                    [
                        1.3875952099847457,
                        1.790694737138629,
                        0.0,
                        1.655171008112748
                    ],
                    [
                        1.7570303402382552,
                        1.573072491732293,
                        1.655171008112748,
                        0.0
                    ]
                ]
            ],
            "COS_SIM": [
                0.833366334438324
            ]
        },
        "sotsuron_models/sotsuron1_d_conditioning_model/generated/00005542_TRHIRGP128F4280974/npy/98.npy": {
            "EB": [
                [
                    0.0,
                    0.0,
                    0.0,
                    0.0,
                    0.0
                ]
            ],
            "UPC": [
                [
                    12.0,
                    12.0,
                    12.0,
                    12.0,
                    12.0
                ]
            ],
            "DP": [
                0.07589628681177976
            ],
            "TD": [
                [
                    [
                        0.0,
                        1.9368662198869677,
                        1.4360388827489694,
                        1.68477877238375
                    ],
                    [
                        1.9368662198869677,
                        0.0,
                        2.0783733414446552,
                        1.667893940283861
                    ],
                    [
                        1.4360388827489694,
                        2.0783733414446552,
                        0.0,
                        2.0041348864460997
                    ],
                    [
                        1.68477877238375,
                        1.667893940283861,
                        2.0041348864460997,
                        0.0
                    ]
                ]
            ],
            "COS_SIM": [
                0.9250354170799255
            ]
        },
        "sotsuron_models/sotsuron1_d_conditioning_model/generated/00005542_TRHIRGP128F4280974/npy/105.npy": {
            "EB": [
                [
                    0.0,
                    0.0,
                    0.0,
                    0.0,
                    0.0
                ]
            ],
            "UPC": [
                [
                    12.0,
                    12.0,
                    12.0,
                    12.0,
                    12.0
                ]
            ],
            "DP": [
                0.07445628997867802
            ],
            "TD": [
                [
                    [
                        0.0,
                        1.9999260544360205,
                        1.267114362061529,
                        1.6806138950626959
                    ],
                    [
                        1.9999260544360205,
                        0.0,
                        2.3172776591698345,
                        1.690590379789684
                    ],
                    [
                        1.267114362061529,
                        2.3172776591698345,
                        0.0,
                        1.8823592909471345
                    ],
                    [
                        1.6806138950626959,
                        1.690590379789684,
                        1.8823592909471345,
                        0.0
                    ]
                ]
            ],
            "COS_SIM": [
                0.8324289917945862
            ]
        },
        "sotsuron_models/sotsuron1_d_conditioning_model/generated/00005542_TRHIRGP128F4280974/npy/87.npy": {
            "EB": [
                [
                    0.0,
                    0.0,
                    0.0,
                    0.0,
                    0.0
                ]
            ],
            "UPC": [
                [
                    12.0,
                    12.0,
                    12.0,
                    12.0,
                    12.0
                ]
            ],
            "DP": [
                0.07722053726169843
            ],
            "TD": [
                [
                    [
                        0.0,
                        2.080789774046161,
                        1.482890482212248,
                        2.1208012006821546
                    ],
                    [
                        2.080789774046161,
                        0.0,
                        2.0483709495876816,
                        1.3924594633172596
                    ],
                    [
                        1.482890482212248,
                        2.0483709495876816,
                        0.0,
                        2.082943795636141
                    ],
                    [
                        2.1208012006821546,
                        1.3924594633172596,
                        2.082943795636141,
                        0.0
                    ]
                ]
            ],
            "COS_SIM": [
                0.9299149513244629
            ]
        },
        "sotsuron_models/sotsuron1_d_conditioning_model/generated/00005542_TRHIRGP128F4280974/npy/108.npy": {
            "EB": [
                [
                    0.0,
                    0.0,
                    0.0,
                    0.0,
                    0.0
                ]
            ],
            "UPC": [
                [
                    12.0,
                    12.0,
                    12.0,
                    12.0,
                    12.0
                ]
            ],
            "DP": [
                0.07756691531373408
            ],
            "TD": [
                [
                    [
                        0.0,
                        2.332518737149053,
                        1.3992244835954937,
                        2.193919142031917
                    ],
                    [
                        2.332518737149053,
                        0.0,
                        2.1153655661222848,
                        1.5289496267408342
                    ],
                    [
                        1.3992244835954937,
                        2.1153655661222848,
                        0.0,
                        1.9698725532164127
                    ],
                    [
                        2.193919142031917,
                        1.5289496267408342,
                        1.9698725532164127,
                        0.0
                    ]
                ]
            ],
            "COS_SIM": [
                0.9139275550842285
            ]
        },
        "sotsuron_models/sotsuron1_d_conditioning_model/generated/00005542_TRHIRGP128F4280974/npy/114.npy": {
            "EB": [
                [
                    0.0,
                    0.0,
                    0.0,
                    0.0,
                    0.0
                ]
            ],
            "UPC": [
                [
                    12.0,
                    12.0,
                    12.0,
                    12.0,
                    12.0
                ]
            ],
            "DP": [
                0.0768669907202828
            ],
            "TD": [
                [
                    [
                        0.0,
                        2.2551239742962905,
                        1.5463886659516404,
                        2.3431046476766197
                    ],
                    [
                        2.2551239742962905,
                        0.0,
                        2.0122734652958174,
                        1.6800304188444826
                    ],
                    [
                        1.5463886659516404,
                        2.0122734652958174,
                        0.0,
                        2.0839498506528207
                    ],
                    [
                        2.3431046476766197,
                        1.6800304188444826,
                        2.0839498506528207,
                        0.0
                    ]
                ]
            ],
            "COS_SIM": [
                0.8323315978050232
            ]
        }
    },
    "sotsuron_models/sotsuron1_d_conditioning_model/generated/00001703_TRNHGBY128F4279B99": {
        "sotsuron_models/sotsuron1_d_conditioning_model/generated/00001703_TRNHGBY128F4279B99/npy/74.npy": {
            "EB": [
                [
                    0.0,
                    0.0,
                    0.0,
                    0.0,
                    0.0
                ]
            ],
            "UPC": [
                [
                    12.0,
                    12.0,
                    12.0,
                    12.0,
                    12.0
                ]
            ],
            "DP": [
                0.07474522292993631
            ],
            "TD": [
                [
                    [
                        0.0,
                        1.9319759520192392,
                        1.2754761452765235,
                        2.087369699096038
                    ],
                    [
                        1.9319759520192392,
                        0.0,
                        1.897729522805635,
                        1.4149159166193725
                    ],
                    [
                        1.2754761452765235,
                        1.897729522805635,
                        0.0,
                        2.031044913261004
                    ],
                    [
                        2.087369699096038,
                        1.4149159166193725,
                        2.031044913261004,
                        0.0
                    ]
                ]
            ],
            "COS_SIM": [
                0.8738901019096375
            ]
        },
        "sotsuron_models/sotsuron1_d_conditioning_model/generated/00001703_TRNHGBY128F4279B99/npy/76.npy": {
            "EB": [
                [
                    0.0,
                    0.0,
                    0.0,
                    0.0,
                    0.0
                ]
            ],
            "UPC": [
                [
                    12.0,
                    12.0,
                    12.0,
                    12.0,
                    12.0
                ]
            ],
            "DP": [
                0.07931455190771962
            ],
            "TD": [
                [
                    [
                        0.0,
                        1.903371137295623,
                        1.3575124308228061,
                        2.186909595897939
                    ],
                    [
                        1.903371137295623,
                        0.0,
                        1.9014449976400063,
                        1.5271812973426142
                    ],
                    [
                        1.3575124308228061,
                        1.9014449976400063,
                        0.0,
                        2.1517259679266423
                    ],
                    [
                        2.186909595897939,
                        1.5271812973426142,
                        2.1517259679266423,
                        0.0
                    ]
                ]
            ],
            "COS_SIM": [
                0.7335777878761292
            ]
        },
        "sotsuron_models/sotsuron1_d_conditioning_model/generated/00001703_TRNHGBY128F4279B99/npy/25.npy": {
            "EB": [
                [
                    0.0,
                    0.0,
                    0.0,
                    0.0,
                    0.0
                ]
            ],
            "UPC": [
                [
                    12.0,
                    12.0,
                    12.0,
                    12.0,
                    12.0
                ]
            ],
            "DP": [
                0.07794117647058824
            ],
            "TD": [
                [
                    [
                        0.0,
                        2.2465373655861542,
                        1.3410424653228339,
                        2.155549771406853
                    ],
                    [
                        2.2465373655861542,
                        0.0,
                        2.015373820505568,
                        1.6087185586148642
                    ],
                    [
                        1.3410424653228339,
                        2.015373820505568,
                        0.0,
                        1.860836052688389
                    ],
                    [
                        2.155549771406853,
                        1.6087185586148642,
                        1.860836052688389,
                        0.0
                    ]
                ]
            ],
            "COS_SIM": [
                0.7708113789558411
            ]
        },
        "sotsuron_models/sotsuron1_d_conditioning_model/generated/00001703_TRNHGBY128F4279B99/npy/97.npy": {
            "EB": [
                [
                    0.0,
                    0.0,
                    0.0,
                    0.0,
                    0.0
                ]
            ],
            "UPC": [
                [
                    12.0,
                    12.0,
                    12.0,
                    12.0,
                    12.0
                ]
            ],
            "DP": [
                0.0768526497199483
            ],
            "TD": [
                [
                    [
                        0.0,
                        2.016186255836979,
                        1.2975504817039305,
                        2.0896436465288453
                    ],
                    [
                        2.016186255836979,
                        0.0,
                        2.0204757646017963,
                        1.8746409658527292
                    ],
                    [
                        1.2975504817039305,
                        2.0204757646017963,
                        0.0,
                        1.9638750694177876
                    ],
                    [
                        2.0896436465288453,
                        1.8746409658527292,
                        1.9638750694177876,
                        0.0
                    ]
                ]
            ],
            "COS_SIM": [
                0.8132219314575195
            ]
        },
        "sotsuron_models/sotsuron1_d_conditioning_model/generated/00001703_TRNHGBY128F4279B99/npy/151.npy": {
            "EB": [
                [
                    0.0,
                    0.0,
                    0.0,
                    0.0,
                    0.0
                ]
            ],
            "UPC": [
                [
                    12.0,
                    12.0,
                    12.0,
                    12.0,
                    12.0
                ]
            ],
            "DP": [
                0.07592829705505762
            ],
            "TD": [
                [
                    [
                        0.0,
                        2.006598644317056,
                        1.5462234889446933,
                        2.0005013097579245
                    ],
                    [
                        2.006598644317056,
                        0.0,
                        1.9592807146798008,
                        1.6059975115210574
                    ],
                    [
                        1.5462234889446933,
                        1.9592807146798008,
                        0.0,
                        2.090822088887356
                    ],
                    [
                        2.0005013097579245,
                        1.6059975115210574,
                        2.090822088887356,
                        0.0
                    ]
                ]
            ],
            "COS_SIM": [
                0.8158371448516846
            ]
        },
        "sotsuron_models/sotsuron1_d_conditioning_model/generated/00001703_TRNHGBY128F4279B99/npy/147.npy": {
            "EB": [
                [
                    0.0,
                    0.0,
                    0.0,
                    0.0,
                    0.0
                ]
            ],
            "UPC": [
                [
                    12.0,
                    12.0,
                    12.0,
                    12.0,
                    12.0
                ]
            ],
            "DP": [
                0.07716552315608918
            ],
            "TD": [
                [
                    [
                        0.0,
                        2.192232131324746,
                        1.2384462645174261,
                        2.277234940161711
                    ],
                    [
                        2.192232131324746,
                        0.0,
                        2.1295726233019128,
                        1.7592918003822904
                    ],
                    [
                        1.2384462645174261,
                        2.1295726233019128,
                        0.0,
                        2.0531306287543174
                    ],
                    [
                        2.277234940161711,
                        1.7592918003822904,
                        2.0531306287543174,
                        0.0
                    ]
                ]
            ],
            "COS_SIM": [
                0.8999057412147522
            ]
        },
        "sotsuron_models/sotsuron1_d_conditioning_model/generated/00001703_TRNHGBY128F4279B99/npy/148.npy": {
            "EB": [
                [
                    0.0,
                    0.0,
                    0.0,
                    0.0,
                    0.0
                ]
            ],
            "UPC": [
                [
                    12.0,
                    12.0,
                    12.0,
                    12.0,
                    12.0
                ]
            ],
            "DP": [
                0.07892933618843684
            ],
            "TD": [
                [
                    [
                        0.0,
                        2.168155527335387,
                        1.3544041023325195,
                        2.116881721949225
                    ],
                    [
                        2.168155527335387,
                        0.0,
                        2.0290627871248614,
                        1.796591354805313
                    ],
                    [
                        1.3544041023325195,
                        2.0290627871248614,
                        0.0,
                        1.8745850267659843
                    ],
                    [
                        2.116881721949225,
                        1.796591354805313,
                        1.8745850267659843,
                        0.0
                    ]
                ]
            ],
            "COS_SIM": [
                0.8682599663734436
            ]
        },
        "sotsuron_models/sotsuron1_d_conditioning_model/generated/00001703_TRNHGBY128F4279B99/npy/28.npy": {
            "EB": [
                [
                    0.0,
                    0.0,
                    0.0,
                    0.0,
                    0.0
                ]
            ],
            "UPC": [
                [
                    12.0,
                    12.0,
                    12.0,
                    12.0,
                    12.0
                ]
            ],
            "DP": [
                0.07899568034557236
            ],
            "TD": [
                [
                    [
                        0.0,
                        1.9774818370832927,
                        1.3410695853504475,
                        2.120352849037641
                    ],
                    [
                        1.9774818370832927,
                        0.0,
                        2.137186986767717,
                        1.556600857031011
                    ],
                    [
                        1.3410695853504475,
                        2.137186986767717,
                        0.0,
                        2.1666009239737085
                    ],
                    [
                        2.120352849037641,
                        1.556600857031011,
                        2.1666009239737085,
                        0.0
                    ]
                ]
            ],
            "COS_SIM": [
                0.8772138357162476
            ]
        }
    },
    "sotsuron_models/sotsuron1_d_conditioning_model/generated/00004757_TRCJFDK128F931DA2F": {
        "sotsuron_models/sotsuron1_d_conditioning_model/generated/00004757_TRCJFDK128F931DA2F/npy/86.npy": {
            "EB": [
                [
                    0.0,
                    0.0,
                    0.0,
                    0.0,
                    0.0
                ]
            ],
            "UPC": [
                [
                    12.0,
                    12.0,
                    12.0,
                    12.0,
                    12.0
                ]
            ],
            "DP": [
                0.07882352941176471
            ],
            "TD": [
                [
                    [
                        0.0,
                        2.1092846713136826,
                        1.2810665692995291,
                        2.1409334562189857
                    ],
                    [
                        2.1092846713136826,
                        0.0,
                        2.0435559851993093,
                        1.8289699968825224
                    ],
                    [
                        1.2810665692995291,
                        2.0435559851993093,
                        0.0,
                        2.09822717762679
                    ],
                    [
                        2.1409334562189857,
                        1.8289699968825224,
                        2.09822717762679,
                        0.0
                    ]
                ]
            ],
            "COS_SIM": [
                0.8205246925354004
            ]
        },
        "sotsuron_models/sotsuron1_d_conditioning_model/generated/00004757_TRCJFDK128F931DA2F/npy/68.npy": {
            "EB": [
                [
                    0.0,
                    0.0,
                    0.0,
                    0.0,
                    0.0
                ]
            ],
            "UPC": [
                [
                    12.0,
                    12.0,
                    12.0,
                    12.0,
                    12.0
                ]
            ],
            "DP": [
                0.075312096427034
            ],
            "TD": [
                [
                    [
                        0.0,
                        2.3461195039816016,
                        1.4717819422896565,
                        2.029426822556863
                    ],
                    [
                        2.3461195039816016,
                        0.0,
