{
    "sotsuron_models/sotsuron3_embedding_distance_model/generated/00005542_TRHIRGP128F4280974_repeat": {
        "sotsuron_models/sotsuron3_embedding_distance_model/generated/00005542_TRHIRGP128F4280974_repeat/npy/105.npy": {
            "EB": [
                [
                    0.0,
                    0.0,
                    0.0,
                    0.0,
                    0.0
                ],
                [
                    0.0,
                    0.0,
                    0.0,
                    0.0,
                    0.0
                ],
                [
                    0.0,
                    0.0,
                    0.0,
                    0.0,
                    0.0
                ],
                [
                    0.0,
                    0.0,
                    0.0,
                    0.0,
                    0.0
                ]
            ],
            "UPC": [
                [
                    12.0,
                    12.0,
                    12.0,
                    12.0,
                    12.0
                ],
                [
                    12.0,
                    12.0,
                    12.0,
                    12.0,
                    12.0
                ],
                [
                    12.0,
                    12.0,
                    12.0,
                    12.0,
                    12.0
                ],
                [
                    12.0,
                    12.0,
                    12.0,
                    12.0,
                    12.0
                ]
            ],
            "DP": [
                0.06726064951497257,
                0.0674667497921862,
                0.06896871140386991,
                0.06434873949579831
            ],
            "TD": [
                [
                    [
                        0.0,
                        1.467225560283885,
                        1.1960973305584137,
                        1.725126712207373
                    ],
                    [
                        1.467225560283885,
                        0.0,
                        1.5959443336245802,
                        2.0246036232034954
                    ],
                    [
                        1.1960973305584137,
                        1.5959443336245802,
                        0.0,
                        1.5958323026046326
                    ],
                    [
                        1.725126712207373,
                        2.0246036232034954,
                        1.5958323026046326,
                        0.0
                    ]
                ],
                [
                    [
                        0.0,
                        1.8216390526331172,
                        1.7253770690336303,
                        2.0513196621997634
                    ],
                    [
                        1.8216390526331172,
                        0.0,
                        1.8051534842652963,
                        2.1153145257064883
                    ],
                    [
                        1.7253770690336303,
                        1.8051534842652963,
                        0.0,
                        2.062593587576995
                    ],
                    [
                        2.0513196621997634,
                        2.1153145257064883,
                        2.062593587576995,
                        0.0
                    ]
                ],
                [
                    [
                        0.0,
                        1.568160059002233,
                        1.6594860254476969,
                        1.8772222433555268
                    ],
                    [
                        1.568160059002233,
                        0.0,
                        1.5390914970318146,
                        1.6825848654059037
                    ],
                    [
                        1.6594860254476969,
                        1.5390914970318146,
                        0.0,
                        1.477630058096825
                    ],
                    [
                        1.8772222433555268,
                        1.6825848654059037,
                        1.477630058096825,
                        0.0
                    ]
                ],
                [
                    [
                        0.0,
                        1.4611590619310952,
                        1.4037116444060835,
                        1.3668265613832418
                    ],
                    [
                        1.4611590619310952,
                        0.0,
                        1.4677914411921729,
                        1.1690357377353178
                    ],
                    [
                        1.4037116444060835,
                        1.4677914411921729,
                        0.0,
                        1.5088437131598955
                    ],
                    [
                        1.3668265613832418,
                        1.1690357377353178,
                        1.5088437131598955,
                        0.0
                    ]
                ]
            ],
            "COS_SIM": [
                0.8526102900505066,
                0.8118873834609985,
                0.8797270655632019,
                0.8697447776794434
            ]
        }
    },
    "sotsuron_models/sotsuron3_embedding_distance_model/generated/00005542_TRHIRGP128F4280974_noise": {
        "sotsuron_models/sotsuron3_embedding_distance_model/generated/00005542_TRHIRGP128F4280974_noise/npy/105.npy": {
            "EB": [
                [
                    0.0,
                    0.0,
                    0.0,
                    0.0,
                    0.0
                ],
                [
                    0.0,
                    0.0,
                    0.0,
                    0.0,
                    0.0
                ],
                [
                    0.0,
                    0.0,
                    0.0,
                    0.0,
                    0.0
                ],
                [
                    0.0,
                    0.0,
                    0.0,
                    0.0,
                    0.0
                ]
            ],
            "UPC": [
                [
                    12.0,
                    12.0,
                    12.0,
                    12.0,
                    12.0
                ],
                [
                    12.0,
                    12.0,
                    12.0,
                    12.0,
                    12.0
                ],
                [
                    12.0,
                    12.0,
                    12.0,
                    12.0,
                    12.0
                ],
                [
                    12.0,
                    12.0,
                    12.0,
                    12.0,
                    12.0
                ]
            ],
            "DP": [
                0.06511774600504626,
                0.06703273040482342,
                0.06386061946902655,
                0.06650518251464624
            ],
            "TD": [
                [
                    [
                        0.0,
                        1.6316562900202511,
                        1.155400263746772,
                        1.593457764366983
                    ],
                    [
                        1.6316562900202511,
                        0.0,
                        1.688087919153907,
                        1.7324648982687947
                    ],
                    [
                        1.155400263746772,
                        1.688087919153907,
                        0.0,
                        1.4449474053520868
                    ],
                    [
                        1.593457764366983,
                        1.7324648982687947,
                        1.4449474053520868,
                        0.0
                    ]
                ],
                [
                    [
                        0.0,
                        1.5892223248547939,
                        1.617462877823326,
                        1.8124589180600843
                    ],
                    [
                        1.5892223248547939,
                        0.0,
                        1.6391072277023464,
                        1.794913534013657
                    ],
                    [
                        1.617462877823326,
                        1.6391072277023464,
                        0.0,
                        1.733789188981319
                    ],
                    [
                        1.8124589180600843,
                        1.794913534013657,
                        1.733789188981319,
                        0.0
                    ]
                ],
                [
                    [
                        0.0,
                        1.49648819617783,
                        1.5986918837752444,
                        1.80671651427636
                    ],
                    [
                        1.49648819617783,
                        0.0,
                        1.445615697034873,
                        1.717583342769578
                    ],
                    [
                        1.5986918837752444,
                        1.445615697034873,
                        0.0,
                        1.7153101575535645
                    ],
                    [
                        1.80671651427636,
                        1.717583342769578,
                        1.7153101575535645,
                        0.0
                    ]
                ],
                [
                    [
                        0.0,
                        1.4069681926085416,
                        1.5064794239801147,
                        1.3610138820917552
                    ],
                    [
                        1.4069681926085416,
                        0.0,
                        1.2135379834658124,
                        1.2746116479266
                    ],
                    [
                        1.5064794239801147,
                        1.2135379834658124,
                        0.0,
                        1.3677908715818163
                    ],
                    [
                        1.3610138820917552,
                        1.2746116479266,
                        1.3677908715818163,
                        0.0
                    ]
                ]
            ],
            "COS_SIM": [
                0.8169434666633606,
                0.8613253235816956,
                0.8629136681556702,
                0.8164963722229004
            ]
        }
    },
    "sotsuron_models/sotsuron3_embedding_distance_model/generated/00006683_TRSUXOX128F429060A": {
        "sotsuron_models/sotsuron3_embedding_distance_model/generated/00006683_TRSUXOX128F429060A/npy/32.npy": {
            "EB": [
                [
                    0.0,
                    0.0,
                    0.0,
                    0.0,
                    0.0
                ]
            ],
            "UPC": [
                [
                    12.0,
                    12.0,
                    12.0,
                    12.0,
                    12.0
                ]
            ],
            "DP": [
                0.06717933252915158
            ],
            "TD": [
                [
                    [
                        0.0,
                        2.528524912254849,
                        2.0363181170302007,
                        3.013430789162551
                    ],
                    [
                        2.528524912254849,
                        0.0,
                        2.344763306071461,
                        2.1836319005109734
                    ],
                    [
                        2.0363181170302007,
                        2.344763306071461,
                        0.0,
                        2.6098605106159924
                    ],
                    [
                        3.013430789162551,
                        2.1836319005109734,
                        2.6098605106159924,
                        0.0
                    ]
                ]
            ],
            "COS_SIM": [
                0.8524905443191528
            ]
        },
        "sotsuron_models/sotsuron3_embedding_distance_model/generated/00006683_TRSUXOX128F429060A/npy/68.npy": {
            "EB": [
                [
                    0.0,
                    0.0,
                    0.0,
                    0.0,
                    0.0
                ]
            ],
            "UPC": [
                [
                    12.0,
                    12.0,
                    12.0,
                    12.0,
                    12.0
                ]
            ],
            "DP": [
                0.06646603611349956
            ],
            "TD": [
                [
                    [
                        0.0,
                        2.5823067772811585,
                        1.8115478151688977,
                        2.580919309754356
                    ],
                    [
                        2.5823067772811585,
                        0.0,
                        2.522603504822259,
                        2.1473589743564494
                    ],
                    [
                        1.8115478151688977,
                        2.522603504822259,
                        0.0,
                        2.5085004715401378
                    ],
                    [
                        2.580919309754356,
                        2.1473589743564494,
                        2.5085004715401378,
                        0.0
                    ]
                ]
            ],
            "COS_SIM": [
                0.7974167466163635
            ]
        },
        "sotsuron_models/sotsuron3_embedding_distance_model/generated/00006683_TRSUXOX128F429060A/npy/69.npy": {
            "EB": [
                [
                    0.0,
                    0.0,
                    0.0,
                    0.0,
                    0.0
                ]
            ],
            "UPC": [
                [
                    12.0,
                    12.0,
                    12.0,
                    12.0,
                    12.0
                ]
            ],
            "DP": [
                0.06606015986537653
            ],
            "TD": [
                [
                    [
                        0.0,
                        2.317345616639732,
                        1.7485694606138147,
                        2.4389711718591016
                    ],
                    [
                        2.317345616639732,
                        0.0,
                        2.476782242464358,
                        1.951153503946773
                    ],
                    [
                        1.7485694606138147,
                        2.476782242464358,
                        0.0,
                        2.459197793669056
                    ],
                    [
                        2.4389711718591016,
                        1.951153503946773,
                        2.459197793669056,
                        0.0
                    ]
                ]
            ],
            "COS_SIM": [
                0.7868403196334839
            ]
        },
        "sotsuron_models/sotsuron3_embedding_distance_model/generated/00006683_TRSUXOX128F429060A/npy/103.npy": {
            "EB": [
                [
                    0.0,
                    0.0,
                    0.0,
                    0.0,
                    0.0
                ]
            ],
            "UPC": [
                [
                    12.0,
                    12.0,
                    12.0,
                    12.0,
                    12.0
                ]
            ],
            "DP": [
                0.06575682382133995
            ],
            "TD": [
                [
                    [
                        0.0,
                        2.502001361911282,
                        1.566701138714749,
                        2.888821365758382
                    ],
                    [
                        2.502001361911282,
                        0.0,
                        2.084769047824671,
                        2.09165828741196
                    ],
                    [
                        1.566701138714749,
                        2.084769047824671,
                        0.0,
                        2.4830640252367275
                    ],
                    [
                        2.888821365758382,
                        2.09165828741196,
                        2.4830640252367275,
                        0.0
                    ]
                ]
            ],
            "COS_SIM": [
                0.867644727230072
            ]
        },
        "sotsuron_models/sotsuron3_embedding_distance_model/generated/00006683_TRSUXOX128F429060A/npy/59.npy": {
            "EB": [
                [
                    0.0,
                    0.0,
                    0.0,
                    0.0,
                    0.0
                ]
            ],
            "UPC": [
                [
                    12.0,
                    12.0,
                    12.0,
                    12.0,
                    12.0
                ]
            ],
            "DP": [
                0.06683417085427136
            ],
            "TD": [
                [
                    [
                        0.0,
                        2.4738589327665825,
                        2.083205037936408,
                        2.9547112207405535
                    ],
                    [
                        2.4738589327665825,
                        0.0,
                        2.543607434728992,
                        1.9778706875250007
                    ],
                    [
                        2.083205037936408,
                        2.543607434728992,
                        0.0,
                        2.639941183431237
                    ],
                    [
                        2.9547112207405535,
                        1.9778706875250007,
                        2.639941183431237,
                        0.0
                    ]
                ]
            ],
            "COS_SIM": [
                0.8438097238540649
            ]
        },
        "sotsuron_models/sotsuron3_embedding_distance_model/generated/00006683_TRSUXOX128F429060A/npy/72.npy": {
            "EB": [
                [
                    0.0,
                    0.0,
                    0.0,
                    0.0,
                    0.0
                ]
            ],
            "UPC": [
                [
                    12.0,
                    12.0,
                    12.0,
                    12.0,
                    12.0
                ]
            ],
            "DP": [
                0.06734169407894737
            ],
            "TD": [
                [
                    [
                        0.0,
                        2.621778621433886,
                        1.9378100273108982,
                        2.929176893353102
                    ],
                    [
                        2.621778621433886,
                        0.0,
                        2.42019389583409,
                        2.1521668831933254
                    ],
                    [
                        1.9378100273108982,
                        2.42019389583409,
                        0.0,
                        2.631509937645378
                    ],
                    [
                        2.929176893353102,
                        2.1521668831933254,
                        2.631509937645378,
                        0.0
                    ]
                ]
            ],
            "COS_SIM": [
                0.8594192862510681
            ]
        },
        "sotsuron_models/sotsuron3_embedding_distance_model/generated/00006683_TRSUXOX128F429060A/npy/107.npy": {
            "EB": [
                [
                    0.0,
                    0.0,
                    0.0,
                    0.0,
                    0.0
                ]
            ],
            "UPC": [
                [
                    12.0,
                    12.0,
                    12.0,
                    12.0,
                    12.0
                ]
            ],
            "DP": [
                0.0675309917355372
            ],
            "TD": [
                [
                    [
                        0.0,
                        2.411402568537406,
                        1.7522841706550172,
                        2.8894729853238172
                    ],
                    [
                        2.411402568537406,
                        0.0,
                        2.3345934322552937,
                        2.349764874525354
                    ],
                    [
                        1.7522841706550172,
                        2.3345934322552937,
                        0.0,
                        2.731206124682404
                    ],
                    [
                        2.8894729853238172,
                        2.349764874525354,
                        2.731206124682404,
                        0.0
                    ]
                ]
            ],
            "COS_SIM": [
                0.8777491450309753
            ]
        },
        "sotsuron_models/sotsuron3_embedding_distance_model/generated/00006683_TRSUXOX128F429060A/npy/33.npy": {
            "EB": [
                [
                    0.0,
                    0.0,
                    0.0,
                    0.0,
                    0.0
                ]
            ],
            "UPC": [
                [
                    12.0,
                    12.0,
                    12.0,
                    12.0,
                    12.0
                ]
            ],
            "DP": [
                0.06510416666666667
            ],
            "TD": [
                [
                    [
                        0.0,
                        2.8830307557311956,
                        1.8520302162461202,
                        2.7469004588571617
                    ],
                    [
                        2.8830307557311956,
                        0.0,
                        2.58072550799655,
                        1.7341545787074795
                    ],
                    [
                        1.8520302162461202,
                        2.58072550799655,
                        0.0,
                        2.3951731677852957
                    ],
                    [
                        2.7469004588571617,
                        1.7341545787074795,
                        2.3951731677852957,
                        0.0
                    ]
                ]
            ],
            "COS_SIM": [
                0.839267909526825
            ]
        }
    },
    "sotsuron_models/sotsuron3_embedding_distance_model/generated/00005542_TRHIRGP128F4280974": {
        "sotsuron_models/sotsuron3_embedding_distance_model/generated/00005542_TRHIRGP128F4280974/npy/83.npy": {
            "EB": [
                [
                    0.0,
                    0.0,
                    0.0,
                    0.0,
                    0.0
                ]
            ],
            "UPC": [
                [
                    12.0,
                    12.0,
                    12.0,
                    12.0,
                    12.0
                ]
            ],
            "DP": [
                0.06715625
            ],
            "TD": [
                [
                    [
                        0.0,
                        2.6782417340115705,
                        2.0687717341065257,
                        2.804258313691517
                    ],
                    [
                        2.6782417340115705,
                        0.0,
                        2.4981393377370202,
                        1.9980583298080898
                    ],
                    [
                        2.0687717341065257,
                        2.4981393377370202,
                        0.0,
                        2.64621090087029
                    ],
                    [
                        2.804258313691517,
                        1.9980583298080898,
                        2.64621090087029,
                        0.0
                    ]
                ]
            ],
            "COS_SIM": [
                0.8978167772293091
            ]
        },
        "sotsuron_models/sotsuron3_embedding_distance_model/generated/00005542_TRHIRGP128F4280974/npy/128.npy": {
            "EB": [
                [
                    0.0,
                    0.0,
                    0.0,
                    0.0,
                    0.0
                ]
            ],
            "UPC": [
                [
                    12.0,
                    12.0,
                    12.0,
                    12.0,
                    12.0
                ]
            ],
            "DP": [
                0.06642313851080865
            ],
            "TD": [
                [
                    [
                        0.0,
                        2.7716826159786963,
                        2.056741286100583,
                        2.98863272331617
                    ],
                    [
                        2.7716826159786963,
                        0.0,
                        2.376058583971108,
                        1.8882703466106674
                    ],
                    [
                        2.056741286100583,
                        2.376058583971108,
                        0.0,
                        2.2389097343700395
                    ],
                    [
                        2.98863272331617,
                        1.8882703466106674,
                        2.2389097343700395,
                        0.0
                    ]
                ]
            ],
            "COS_SIM": [
                0.8534993529319763
            ]
        },
        "sotsuron_models/sotsuron3_embedding_distance_model/generated/00005542_TRHIRGP128F4280974/npy/140.npy": {
            "EB": [
                [
                    0.0,
                    0.0,
                    0.0,
                    0.0,
                    0.0
                ]
            ],
            "UPC": [
                [
                    12.0,
                    12.0,
                    12.0,
                    12.0,
                    12.0
                ]
            ],
            "DP": [
                0.06651502327549726
            ],
            "TD": [
                [
                    [
                        0.0,
                        2.633062546321106,
                        2.0912078526765376,
                        2.90736711087366
                    ],
                    [
                        2.633062546321106,
                        0.0,
                        2.140099401454905,
                        2.0631894970781435
                    ],
                    [
                        2.0912078526765376,
                        2.140099401454905,
                        0.0,
                        2.5818569654145156
                    ],
                    [
                        2.90736711087366,
                        2.0631894970781435,
                        2.5818569654145156,
                        0.0
                    ]
                ]
            ],
            "COS_SIM": [
                0.8284339904785156
            ]
        },
        "sotsuron_models/sotsuron3_embedding_distance_model/generated/00005542_TRHIRGP128F4280974/npy/98.npy": {
            "EB": [
                [
                    0.0,
                    0.0,
                    0.0,
                    0.0,
                    0.0
                ]
            ],
            "UPC": [
                [
                    12.0,
                    12.0,
                    12.0,
                    12.0,
                    12.0
                ]
            ],
            "DP": [
                0.06610019646365423
            ],
            "TD": [
                [
                    [
                        0.0,
                        2.4650509320593432,
                        1.8551745155553827,
                        2.9945640374673057
                    ],
                    [
                        2.4650509320593432,
                        0.0,
                        2.2283433532948,
                        2.006929285370347
                    ],
                    [
                        1.8551745155553827,
                        2.2283433532948,
                        0.0,
                        2.6075224317917
                    ],
                    [
                        2.9945640374673057,
                        2.006929285370347,
                        2.6075224317917,
                        0.0
                    ]
                ]
            ],
            "COS_SIM": [
                0.9260632395744324
            ]
        },
        "sotsuron_models/sotsuron3_embedding_distance_model/generated/00005542_TRHIRGP128F4280974/npy/105.npy": {
            "EB": [
                [
                    0.0,
                    0.0,
                    0.0,
                    0.0,
                    0.0
                ]
            ],
            "UPC": [
                [
                    12.0,
                    12.0,
                    12.0,
                    12.0,
                    12.0
                ]
            ],
            "DP": [
                0.06523293829178586
            ],
            "TD": [
                [
                    [
                        0.0,
                        2.703883529079887,
                        1.9533948744195884,
                        3.077318663409617
                    ],
                    [
                        2.703883529079887,
                        0.0,
                        2.289027994643896,
                        1.988938293306139
                    ],
                    [
                        1.9533948744195884,
                        2.289027994643896,
                        0.0,
                        2.6861063240806167
                    ],
                    [
                        3.077318663409617,
                        1.988938293306139,
                        2.6861063240806167,
                        0.0
                    ]
                ]
            ],
            "COS_SIM": [
                0.8326750993728638
            ]
        },
        "sotsuron_models/sotsuron3_embedding_distance_model/generated/00005542_TRHIRGP128F4280974/npy/87.npy": {
            "EB": [
                [
                    0.0,
                    0.0,
                    0.0,
                    0.0,
                    0.0
                ]
            ],
            "UPC": [
                [
                    12.0,
                    12.0,
                    12.0,
                    12.0,
                    12.0
                ]
            ],
            "DP": [
                0.06699486301369863
            ],
            "TD": [
                [
                    [
                        0.0,
                        2.83838057973492,
                        2.0014128816959396,
                        3.052040396037875
                    ],
                    [
                        2.83838057973492,
                        0.0,
                        2.390589727091733,
                        2.1416472190400606
                    ],
                    [
                        2.0014128816959396,
                        2.390589727091733,
                        0.0,
                        2.5952804778999967
                    ],
                    [
                        3.052040396037875,
                        2.1416472190400606,
                        2.5952804778999967,
                        0.0
                    ]
                ]
            ],
            "COS_SIM": [
                0.9103437662124634
            ]
        },
        "sotsuron_models/sotsuron3_embedding_distance_model/generated/00005542_TRHIRGP128F4280974/npy/108.npy": {
            "EB": [
                [
                    0.0,
                    0.0,
                    0.0,
                    0.0,
                    0.0
                ]
            ],
            "UPC": [
                [
                    12.0,
                    12.0,
                    12.0,
                    12.0,
                    12.0
                ]
            ],
            "DP": [
                0.06868838405486498
            ],
            "TD": [
                [
                    [
                        0.0,
                        1.986411236266543,
                        1.5402171257504056,
                        2.3013618292463427
                    ],
                    [
                        1.986411236266543,
                        0.0,
                        1.9764060538999189,
                        1.9706373782696043
                    ],
                    [
                        1.5402171257504056,
                        1.9764060538999189,
                        0.0,
                        2.554780969526788
                    ],
                    [
                        2.3013618292463427,
                        1.9706373782696043,
                        2.554780969526788,
                        0.0
                    ]
                ]
            ],
            "COS_SIM": [
                0.9055507779121399
            ]
        },
        "sotsuron_models/sotsuron3_embedding_distance_model/generated/00005542_TRHIRGP128F4280974/npy/114.npy": {
            "EB": [
                [
                    0.0,
                    0.0,
                    0.0,
                    0.0,
                    0.0
                ]
            ],
            "UPC": [
                [
                    12.0,
                    12.0,
                    12.0,
                    12.0,
                    12.0
                ]
            ],
            "DP": [
                0.06628577530969672
            ],
            "TD": [
                [
                    [
                        0.0,
                        2.6238291422873004,
                        1.920113329187707,
                        2.6505630054336544
                    ],
                    [
                        2.6238291422873004,
                        0.0,
                        2.4863443549517767,
                        2.0800429504856006
                    ],
                    [
                        1.920113329187707,
                        2.4863443549517767,
                        0.0,
                        2.5744395902492117
                    ],
                    [
                        2.6505630054336544,
                        2.0800429504856006,
                        2.5744395902492117,
                        0.0
                    ]
                ]
            ],
            "COS_SIM": [
                0.8535823822021484
            ]
        }
    },
    "sotsuron_models/sotsuron3_embedding_distance_model/generated/00001703_TRNHGBY128F4279B99": {
        "sotsuron_models/sotsuron3_embedding_distance_model/generated/00001703_TRNHGBY128F4279B99/npy/74.npy": {
            "EB": [
                [
                    0.0,
                    0.0,
                    0.0,
                    0.0,
                    0.0
                ]
            ],
            "UPC": [
                [
                    12.0,
                    12.0,
                    12.0,
                    12.0,
                    12.0
                ]
            ],
            "DP": [
                0.06758130081300813
            ],
            "TD": [
                [
                    [
                        0.0,
                        2.8405432733401548,
                        1.9963755790182374,
                        2.986544350633761
                    ],
                    [
                        2.8405432733401548,
                        0.0,
                        2.269931763676124,
                        2.166909647754608
                    ],
                    [
                        1.9963755790182374,
                        2.269931763676124,
                        0.0,
                        2.3322464073344227
                    ],
                    [
                        2.986544350633761,
                        2.166909647754608,
                        2.3322464073344227,
                        0.0
                    ]
                ]
            ],
            "COS_SIM": [
                0.8718345761299133
            ]
        },
        "sotsuron_models/sotsuron3_embedding_distance_model/generated/00001703_TRNHGBY128F4279B99/npy/76.npy": {
            "EB": [
                [
                    0.0,
                    0.0,
                    0.0,
                    0.0,
                    0.0
                ]
            ],
            "UPC": [
                [
                    12.0,
                    12.0,
                    12.0,
                    12.0,
                    12.0
                ]
            ],
            "DP": [
                0.06720183486238532
            ],
            "TD": [
                [
                    [
                        0.0,
                        2.5027805373127565,
                        2.027062872248196,
                        2.5896423680303777
                    ],
                    [
                        2.5027805373127565,
                        0.0,
                        2.253155044262297,
                        2.1500824867685218
                    ],
                    [
                        2.027062872248196,
                        2.253155044262297,
                        0.0,
                        2.848987199768148
                    ],
                    [
                        2.5896423680303777,
                        2.1500824867685218,
                        2.848987199768148,
                        0.0
                    ]
                ]
            ],
            "COS_SIM": [
                0.789700448513031
            ]
        },
        "sotsuron_models/sotsuron3_embedding_distance_model/generated/00001703_TRNHGBY128F4279B99/npy/25.npy": {
            "EB": [
                [
                    0.0,
                    0.0,
                    0.0,
                    0.0,
                    0.0
                ]
            ],
            "UPC": [
                [
                    12.0,
                    12.0,
                    12.0,
                    12.0,
                    12.0
                ]
            ],
            "DP": [
                0.06707057823129252
            ],
            "TD": [
                [
                    [
                        0.0,
                        2.873530443799538,
                        1.807104274504375,
                        3.1186278688299893
                    ],
                    [
                        2.873530443799538,
                        0.0,
                        2.491467853830328,
